mardyn trunk 20160512
currentTime	   9.999999999999999e-02
 Length	8.5812225 8.5812225 8.5812225
 Temperature	0.000316681683
# rho	0.7754407
# 
# Please address your questions and suggestions to
# the ls1 mardyn contact point: <contact@ls1-mardyn.de>.
# 
 NumberOfComponents	1
1	0	0	0	0
0 0 0	1 1 0
0 0 0
1e+10
 NumberOfMolecules	13
 MoleculeFormat	ICRVQD
36	1	2.7593883272578065835 0.30454246778952287489 0.42703789226217897523	0.010935860385468095315 -0.019766653438011840688 -0.019482611011030531029	0.70710678118654757274 0.70710678118654757274 0 0	0 0 0	
15	1	0.30810032218240251956 3.9855076041365378181 0.43123391456601245508	0.016540465552106350944 0.013828409739013414539 0.02169910543182877391	0.70710678118654757274 0.70710678118654757274 0 0	0 0 0	
115	1	7.6631555221041391945 1.530460186777069076 2.1474066459793537121	0.01397945600979123848 -0.019223689382758007982 0.021236243323066325561	0.70710678118654757274 0.70710678118654757274 0 0	0 0 0	
16	1	0.30406277003567971917 3.9850573811434890636 2.1437448279023456621	-0.023362226339287688048 0.0089081983473050397465 -0.015472704530134067172	0.70710678118654757274 0.70710678118654757274 0 0	0 0 0	
51	1	2.7603023463748024291 3.9861104186887725831 0.42999740475388159577	0.020327678512842742298 0.020074684454001224393 0.0098188487612269823024	0.70710678118654757274 0.70710678118654757274 0 0	0 0 0	
12	1	0.30810103135018324094 2.7559971204506399367 2.1440370798364174476	0.017258385966791404964 -0.02242113350922000925 -0.0119027832490049678	0.70710678118654757274 0.70710678118654757274 0 0	0 0 0	
11	1	0.91955998622632784123 3.3690182295274726521 1.2894312934971257079	0.0024849295703598859274 -0.021430930444417517489 0.02223241571493022456	0.70710678118654757274 0.70710678118654757274 0 0	0 0 0	
42	1	3.3701162529990673633 2.1449908737523264435 1.2900756997699656115	-0.01125903133727209314 -0.0033490554742236222641 0.027841274211225279511	0.70710678118654757274 0.70710678118654757274 0 0	0 0 0	
24	1	2.1450606404452376985 2.1427675408804072177 1.2853949588469353316	-0.0023707806312206918843 -0.025163422212090648389 -0.019266500779085520695	0.70710678118654757274 0.70710678118654757274 0 0	0 0 0	
28	1	1.5336833241672185313 2.7596481726750026198 0.42686607043137891893	0.013324334875327147748 0.013370896069446075796 -0.021484042476500056496	0.70710678118654757274 0.70710678118654757274 0 0	0 0 0	
38	1	2.7554467348168825147 0.30552030397767804271 2.1442621412656710511	-0.029354324544120017487 -0.0091006339710804438209 -0.009290453402690815321	0.70710678118654757274 0.70710678118654757274 0 0	0 0 0	
84	1	5.2126023152522877879 2.7581498997465678791 2.1437639456615875666	0.026028054473751258829 -0.0013067907213162922343 -0.01607156810266282404	0.70710678118654757274 0.70710678118654757274 0 0	0 0 0	
37	1	3.3740564549310283482 0.9186635826305321606 1.2871629419399999161	0.027474065631709912449 -0.0072746175110773919278 2.5926321536087277897e-05	0.70710678118654757274 0.70710678118654757274 0 0	0 0 0	
31	1	2.1463581904262878375 3.3682503626731041813 3.0033935866305028206	0.00988725958101222685 -0.03023132958640967205 -0.00091426361670082984586	0.70710678118654757274 0.70710678118654757274 0 0	0 0 0	
39	1	3.3698943754500501058 0.92146395499167066401 3.0053253609796155565	-0.013589475903741651125 0.020791456958677474037 0.018620616137350175928	0.70710678118654757274 0.70710678118654757274 0 0	0 0 0	
10	1	0.30544771252092750569 2.7610646630929660539 0.42914330695547669992	-0.0097310140116762915141 0.028070196771826604748 0.0015855931652887186346	0.70710678118654757274 0.70710678118654757274 0 0	0 0 0	
41	1	2.7571331832148340268 1.5294898613730991688 0.42976317845415307195	-0.010553294370618972534 -0.029083437216159586935 0.0066729955490728810538	0.70710678118654757274 0.70710678118654757274 0 0	0 0 0	
100	1	6.4342148765519509013 2.7583009416639709954 0.42653336776324607404	-0.017713106789403045699 -0.00036843414890652898333 -0.025226068317419563652	0.70710678118654757274 0.70710678118654757274 0 0	0 0 0	
48	1	2.7564852924329676931 2.7576578822596955476 2.1428197947030813708	-0.01811582539697561417 -0.0068852702301683893146 -0.025701509132609216129	0.70710678118654757274 0.70710678118654757274 0 0	0 0 0	
14	1	0.30498088683845775426 2.7573584944636371219 3.85908318098571268	-0.014955293006840716941 -0.0087049907918747351787 -0.023780582580552038496	0.70710678118654757274 0.70710678118654757274 0 0	0 0 0	
46	1	2.7601695574198719108 2.7590761309339986163 0.42702335746553671258	0.019029986836753928769 0.0081253516868486138497 -0.019531553006293906477	0.70710678118654757274 0.70710678118654757274 0 0	0 0 0	
17	1	0.3075307341354447388 3.9828000088306594328 3.8641677484755914129	0.010415210484690082607 -0.01293200649901822194 0.026643287240587291281	0.70710678118654757274 0.70710678118654757274 0 0	0 0 0	
64	1	3.985952189903500642 3.9825789958961697046 2.1473375171336055445	0.018819925279796211742 -0.016526397594039704542 0.020386127712569503817	0.70710678118654757274 0.70710678118654757274 0 0	0 0 0	
20	1	1.5308333849469826227 0.30659690333902966941 2.1426821753277560667	-0.01582878271533733755 0.00018001051503819910714 -0.026282315427561920435	0.70710678118654757274 0.70710678118654757274 0 0	0 0 0	
21	1	2.1421976274683722785 0.91925182054718490576 3.0039424917493122713	-0.031733461391545127184 -0.0019393360489426817762 0.0044475213172947896875	0.70710678118654757274 0.70710678118654757274 0 0	0 0 0	
22	1	1.5331233462515476695 0.30403565903423468431 3.8598701596632820632	0.0071356313249525595704 -0.025337959350358801175 -0.015437677525566444875	0.70710678118654757274 0.70710678118654757274 0 0	0 0 0	
13	1	0.91798764570735802426 3.3689309707604135902 3.0017639420761463853	-0.01412447059758507005 -0.023270705264269383322 -0.01785079452086522217	0.70710678118654757274 0.70710678118654757274 0 0	0 0 0	
63	1	3.9827886285127336308 3.9853433758418637112 0.42669016745422849723	-0.01308272300920385392 0.012183337803413317457 -0.023302371421744426383	0.70710678118654757274 0.70710678118654757274 0 0	0 0 0	
52	1	2.7568354878777721062 3.9812679536437172167 2.1453251983631207445	-0.01449770842095248792 -0.029790401091414103057 0.00010757054800906149829	0.70710678118654757274 0.70710678118654757274 0 0	0 0 0	
27	1	1.5341791591159692487 1.5311878222892330026 3.8594859216083130526	0.017573249191655711254 -0.012080764576639905009 -0.020572929546925119992	0.70710678118654757274 0.70710678118654757274 0 0	0 0 0	
66	1	4.5955951088550630601 0.9172513992311274178 1.2855661478940514364	-0.014967399398216073986 -0.021544806665365408282 -0.015553003105686594165	0.70710678118654757274 0.70710678118654757274 0 0	0 0 0	
29	1	2.1446621318990972682 3.3687129876156798325 1.2853598546875040221	-0.0065307313361798449355 -0.025522674853427844421 -0.019283870138222112406	0.70710678118654757274 0.70710678118654757274 0 0	0 0 0	
30	1	1.5343724099268927219 2.7570310262573696214 2.1433676254019076168	0.020853249583783275978 -0.012771427019244623383 -0.01966232184340590064	0.70710678118654757274 0.70710678118654757274 0 0	0 0 0	
8	1	0.92133151175959471235 2.1465787297679304046 3.0052959931165461605	0.01984482395893116119 0.011757954468256491889 0.016555645568387379607	0.70710678118654757274 0.70710678118654757274 0 0	0 0 0	
32	1	1.5323373653449374743 2.7560489291289491653 3.8593736728869050268	0.00021081518912426325404 -0.022845969046345036141 -0.021865738086623221631	0.70710678118654757274 0.70710678118654757274 0 0	0 0 0	
33	1	1.5345310537102345716 3.9860234743481663955 0.42829725998590112424	0.022485858768211481468 0.018983502368968670909 -0.0071656282625214250126	0.70710678118654757274 0.70710678118654757274 0 0	0 0 0	
34	1	1.5318047658297910818 3.9865230571238745583 2.1437808557495077189	-0.0060406135092978905515 0.022228173255819494436 -0.014034489288117291128	0.70710678118654757274 0.70710678118654757274 0 0	0 0 0	
35	1	1.5315796955882725605 3.9826478180174627042 3.859000529696701598	-0.0079148777203926368867 -0.014919442631301215937 -0.025529432111230914576	0.70710678118654757274 0.70710678118654757274 0 0	0 0 0	
53	1	2.7561783573982467921 3.9859669530912493762 3.862854206926441325	-0.020537937449870445616 0.017733178855432327886 0.013066108310306318724	0.70710678118654757274 0.70710678118654757274 0 0	0 0 0	
75	1	5.8216305436062851797 0.9220403404601560382 3.004151299267483477	-0.013639741785814146757 0.026178493297202912182 0.0073629031149868660183	0.70710678118654757274 0.70710678118654757274 0 0	0 0 0	
79	1	5.2109820228020220512 1.5316549270017341122 2.1481294105536257177	0.0097202134649777179043 -0.0073317244383644432359 0.027028953096523141569	0.70710678118654757274 0.70710678118654757274 0 0	0 0 0	
97	1	6.4347099292842351304 1.5336417578469550005 2.1478892718391531247	-0.011840219555338335131 0.012527074180879385276 0.026798851207926570328	0.70710678118654757274 0.70710678118654757274 0 0	0 0 0	
40	1	2.7598587843768749295 0.30519236712957908964 3.8593714514730192988	0.016025675934496521474 -0.01349327417964086076 -0.021080421146849926545	0.70710678118654757274 0.70710678118654757274 0 0	0 0 0	
96	1	7.0478694865392901292 2.1434065928413477131 1.289562167753116162	-0.0097433735433772525325 -0.02034132342022500553 0.023895706606492195939	0.70710678118654757274 0.70710678118654757274 0 0	0 0 0	
50	1	2.7597906221799819448 2.7559371878477203488 3.862962950965636022	0.015062459379622195055 -0.023719370904563073787 0.014046875699040173302	0.70710678118654757274 0.70710678118654757274 0 0	0 0 0	
43	1	2.7590013045166901229 1.5350472053851773602 2.1464037988957906933	0.0073430336977764500139 0.027135823387257725775 0.010477500354872829741	0.70710678118654757274 0.70710678118654757274 0 0	0 0 0	
44	1	3.3736341389890389664 2.1470296606989167643 3.0035483143437207154	0.024719631324978924569 0.017666340768330485167 0.00044298893621397603506	0.70710678118654757274 0.70710678118654757274 0 0	0 0 0	
45	1	2.7557130369481486198 1.5318704482157163849 3.8633027484113280359	-0.024884130066802696152 -0.0047413827801922265107 0.017177636691753778858	0.70710678118654757274 0.70710678118654757274 0 0	0 0 0	
23	1	1.5304727999016307649 1.5304536027302610979 0.42751043350630341111	-0.018916598052897498627 -0.019207469772505907785 -0.015049416942046605142	0.70710678118654757274 0.70710678118654757274 0 0	0 0 0	
47	1	3.3693246256584767906 3.3686912874393892814 1.2866450902394555023	-0.019430801372999705057 -0.025257771289600012415 -0.0057880056565327757737	0.70710678118654757274 0.70710678118654757274 0 0	0 0 0	
0	1	0.30462752005351467766 0.30801153780332346521 0.43101186237074851082	-0.018016718436954258509 0.015710379461119486355 0.019714811091292694378	0.70710678118654757274 0.70710678118654757274 0 0	0 0 0	
49	1	3.3691596201561750945 3.3693631901884288915 3.0019278232967727682	-0.020283376403626783568 -0.018849076596584853766 -0.015115915407296632786	0.70710678118654757274 0.70710678118654757274 0 0	0 0 0	
77	1	5.2079558572361053237 1.5343891653963845911 0.42995591700278223968	-0.020817365474406802905 0.019295101319346821822 0.0088683480893960581204	0.70710678118654757274 0.70710678118654757274 0 0	0 0 0	
18	1	1.533445753195128658 0.30467400835862790132 0.43135751824586532344	0.010472382473493146299 -0.017294986213603265324 0.023381997104203685461	0.70710678118654757274 0.70710678118654757274 0 0	0 0 0	
54	1	3.9816906403360197153 0.30666797673869172769 0.43097347489828286005	-0.024846934170807587899 0.0017011994560314311776 0.017917072971946633453	0.70710678118654757274 0.70710678118654757274 0 0	0 0 0	
55	1	3.981218641522944246 0.30538384735261364655 2.145825324116640509	-0.029457118857906597342 -0.010744642200223555178 0.0057738976957375552981	0.70710678118654757274 0.70710678118654757274 0 0	0 0 0	
56	1	3.9867026550863182699 0.3068138117190068459 3.8601004422941302963	0.025971934632665855808 0.0024968344592859485417 -0.014151788420406537922	0.70710678118654757274 0.70710678118654757274 0 0	0 0 0	
57	1	3.9820182786857376556 1.5345431094209565082 0.4288872266287515056	-0.02149366304709397768 0.021789306267131401673 -0.0017413738563438108022	0.70710678118654757274 0.70710678118654757274 0 0	0 0 0	
58	1	3.9861381784540141915 1.5336798956958337392 2.1435360524554383232	0.020463077018743103946 0.013770448352630429434 -0.017846782760808144186	0.70710678118654757274 0.70710678118654757274 0 0	0 0 0	
59	1	3.9859629310854280959 1.530448590171042067 3.8631967473242458944	0.018966871719989050749 -0.018027168774393430989 0.017645968438229586023	0.70710678118654757274 0.70710678118654757274 0 0	0 0 0	
60	1	3.9822015678278175344 2.7580545887041849618 0.43153652310379159163	-0.019480533104903653002 -0.0015910611933947027639 0.024800236499635683329	0.70710678118654757274 0.70710678118654757274 0 0	0 0 0	
61	1	3.9829761751246883783 2.7590969727533121159 2.1426569364372993753	-0.011229098702627919246 0.0079378233034360524273 -0.02710036426586161229	0.70710678118654757274 0.70710678118654757274 0 0	0 0 0	
62	1	3.9844645065900174963 2.760059135109159012 3.8592240758292271074	0.0046658592493328127082 0.018092101597643250183 -0.023284987445909680753	0.70710678118654757274 0.70710678118654757274 0 0	0 0 0	
26	1	2.1450726798167703002 2.1474107329459037885 3.001351133075584432	-0.0013658387385273654258 0.020849884995702974017 -0.021073086050818218978	0.70710678118654757274 0.70710678118654757274 0 0	0 0 0	
25	1	1.5344353676082191917 1.5326446721570092802 2.1432327500206769244	0.020672588992071076752 0.0032225398270487653693 -0.020274790730070595124	0.70710678118654757274 0.70710678118654757274 0 0	0 0 0	
65	1	3.9857368046291958841 3.9860953951614064295 3.8600965071217374636	0.015405284333419073592 0.018812335296188024969 -0.01491285682195309277	0.70710678118654757274 0.70710678118654757274 0 0	0 0 0	
19	1	2.1437310728329244114 0.921094244428723119 1.2852715553692608541	-0.015523394058125876763 0.015831055243914822495 -0.019678359119679141032	0.70710678118654757274 0.70710678118654757274 0 0	0 0 0	
67	1	4.595384678974459014 0.92187207955170402673 3.0039057540254359147	-0.016564206650492022815 0.02449736812218407736 0.0047937225785633788902	0.70710678118654757274 0.70710678118654757274 0 0	0 0 0	
68	1	4.5985237440140807053 2.143815055830763594 1.2850266633621705292	0.014055529469064747747 -0.015142815426541922016 -0.020853680433275494782	0.70710678118654757274 0.70710678118654757274 0 0	0 0 0	
69	1	4.5993520631310005342 2.1466282751012939478 3.002039338542119129	0.023412033368961492064 0.013223879071104439192 -0.013701323533115901745	0.70710678118654757274 0.70710678118654757274 0 0	0 0 0	
70	1	4.5953960764992638488 3.3698699635231088578 1.2849289690006933107	-0.017354366767871873267 -0.013191307937093445582 -0.023327568271322558086	0.70710678118654757274 0.70710678118654757274 0 0	0 0 0	
71	1	4.5992645378585699234 3.3693808139826053605 3.0046906727355549016	0.022598779937022989844 -0.018424160075178813017 0.012117866418296480494	0.70710678118654757274 0.70710678118654757274 0 0	0 0 0	
72	1	5.2084409619749845177 0.30903913377774444582 0.42933023296527184076	-0.015215971686241667668 0.02610611428163601283 0.002431971305984119338	0.70710678118654757274 0.70710678118654757274 0 0	0 0 0	
73	1	5.8232822221390225792 0.91686809910386868339 1.2889804680566356865	0.0021760125892038755316 -0.025099529322057303332 0.018295697252562578144	0.70710678118654757274 0.70710678118654757274 0 0	0 0 0	
74	1	5.2105035306201603618 0.30372139317484225796 2.1439778562994038502	0.0044546281631866972012 -0.027967363258133554754 -0.012875623395475261149	0.70710678118654757274 0.70710678118654757274 0 0	0 0 0	
7	1	0.3090122449290590434 1.5315414638961537541 2.1439289539434125409	0.026136500560091410761 -0.0081985349684174646523 -0.012753029243687846739	0.70710678118654757274 0.70710678118654757274 0 0	0 0 0	
76	1	5.208235502500429881 0.30444296990993591212 3.8632205464305595655	-0.017792369394251633663 -0.020198280433342624685 0.017430852581055089612	0.70710678118654757274 0.70710678118654757274 0 0	0 0 0	
6	1	0.92053354379487695169 2.1468861993431045398 1.289471182417459838	0.012145801595326377945 0.015685336054255673982 0.021222795127829759826	0.70710678118654757274 0.70710678118654757274 0 0	0 0 0	
78	1	5.8248641555665452429 2.1440865674883524683 1.2893257631396561891	0.018802108936115988214 -0.013168755565065642585 0.021540798934335463055	0.70710678118654757274 0.70710678118654757274 0 0	0 0 0	
5	1	0.30778923719219530852 1.5323413859450638608 0.4264667894419774119	0.013301248890431749058 -0.00017579642130365500329 -0.024364861710365521424	0.70710678118654757274 0.70710678118654757274 0 0	0 0 0	
80	1	5.8205207817607895748 2.1461266932248683759 3.0018775383487947828	-0.023803706709047117024 0.0090134360073254177204 -0.014640743904373702128	0.70710678118654757274 0.70710678118654757274 0 0	0 0 0	
81	1	5.2117409401384637846 1.530960704982219589 3.8637624918587976097	0.017810554033352687942 -0.0139794352345353496 0.022522708368995243006	0.70710678118654757274 0.70710678118654757274 0 0	0 0 0	
82	1	5.2078485497612794219 2.755945138920079529 0.42879190286223262119	-0.022561045182750386062 -0.023330765483896294399 -0.0033796267865008585221	0.70710678118654757274 0.70710678118654757274 0 0	0 0 0	
83	1	5.8202453114667429546 3.371445392459154089 1.2857651927926776469	-0.027184459932110233843 0.0021088686707790146521 -0.014959669206233297892	0.70710678118654757274 0.70710678118654757274 0 0	0 0 0	
86	1	5.2110733210340987043 2.75534769532074586 3.8622148020726889683	0.011870388672825396906 -0.029378307512512913391 0.0068139082278719708893	0.70710678118654757274 0.70710678118654757274 0 0	0 0 0	
85	1	5.8244402951012208547 3.373352556168772054 3.0048946599351826769	0.015701123534886250732 0.02078788878028738768 0.014473230268589758196	0.70710678118654757274 0.70710678118654757274 0 0	0 0 0	
9	1	0.30406272997034788919 1.5341811039779345016 3.8614582766187282026	-0.023522087884826556325 0.017803021268926969706 -0.00044366156207736640081	0.70710678118654757274 0.70710678118654757274 0 0	0 0 0	
4	1	0.30451959501420078347 0.3039305259235760559 3.8615755758893208771	-0.01956999493011165811 -0.026867384594774060963 0.00077516953615426457177	0.70710678118654757274 0.70710678118654757274 0 0	0 0 0	
88	1	5.2129581675179732514 3.9834887162088659096 2.1454666220392262233	0.029170557257477174734 -0.0060534043681764833009 0.0026504734536976055047	0.70710678118654757274 0.70710678118654757274 0 0	0 0 0	
89	1	5.2083623737310915658 3.9854136947144045422 3.8594224897969033883	-0.016161320086443265592 0.013100862668588108065 -0.020729668864995508953	0.70710678118654757274 0.70710678118654757274 0 0	0 0 0	
90	1	6.4346520549968175828 0.30856852596935696598 0.42745780857521076257	-0.011840891910845969051 0.020248765317036451078 -0.014997321475581264563	0.70710678118654757274 0.70710678118654757274 0 0	0 0 0	
91	1	7.0462921631279886725 0.91836363534667897479 1.2857527846522003312	-0.026146822285197744012 -0.011923114384271953081 -0.013659577014598725878	0.70710678118654757274 0.70710678118654757274 0 0	0 0 0	
92	1	6.4362077068501157839 0.30591523745229992626 2.1424514196709534275	0.0036813074049356106325 -0.0054429718743525846991 -0.026763142785721585198	0.70710678118654757274 0.70710678118654757274 0 0	0 0 0	
93	1	7.0510156287890985993 0.92143187362783984806 3.0037306921757509492	0.021403493097060459494 0.020204064681532140496 0.0033002228982464379588	0.70710678118654757274 0.70710678118654757274 0 0	0 0 0	
94	1	6.4358074763949773001 0.30939501341689290559 3.8608734956215720047	-0.0011102573803988882977 0.030121510778179216156 -0.0058614944866031554183	0.70710678118654757274 0.70710678118654757274 0 0	0 0 0	
95	1	6.4352284077524775086 1.5306018963424559143 0.43164180703748539214	-0.0077415729954669791971 -0.018122960893808014171 0.026237945132695884159	0.70710678118654757274 0.70710678118654757274 0 0	0 0 0	
87	1	5.2087115565192112498 3.9837014434116095885 0.42630135600623814129	-0.013906278935012788764 -0.0039202322007326761977 -0.028586176585765715047	0.70710678118654757274 0.70710678118654757274 0 0	0 0 0	
3	1	0.91795572200847685984 0.91679898884288602012 3.0044825531570062971	-0.014499274768504906777 -0.02687510663967543692 0.0098874080587993632557	0.70710678118654757274 0.70710678118654757274 0 0	0 0 0	
98	1	7.0500508576989808773 2.1473922044895195071 3.0052553685668086381	0.011834214294252964894 0.021152106513264261334 0.017971763971516719477	0.70710678118654757274 0.70710678118654757274 0 0	0 0 0	
99	1	6.4356027480583914979 1.5343269431377206669 3.8592914467352921193	-0.0033355962490529186132 0.021254933829444599969 -0.022391304728078292863	0.70710678118654757274 0.70710678118654757274 0 0	0 0 0	
118	1	7.661617694590115768 2.7600673161160313995 0.42678294139521399941	-0.0024447892827245535675 0.017190833157221394739 -0.022359408474662317151	0.70710678118654757274 0.70710678118654757274 0 0	0 0 0	
101	1	7.0480045205688037768 3.3685433510714508643 1.2886968295654985805	-0.0084027438729911939352 -0.027168465479314393013 0.014402561750799510593	0.70710678118654757274 0.70710678118654757274 0 0	0 0 0	
102	1	6.4374042095170054267 2.7557997203325839131 2.1442964547290177535	0.014708410373723057596 -0.024297509802725950068 -0.0093520746346145763178	0.70710678118654757274 0.70710678118654757274 0 0	0 0 0	
103	1	7.0500119450176503832 3.3686365321758930946 3.0021043640321245505	0.012889889269075700817 -0.025506471801961302232 -0.013827646594882597036	0.70710678118654757274 0.70710678118654757274 0 0	0 0 0	
104	1	6.436287464370528788 2.7565741624436510548 3.86420671362105006	0.0036357100212596107219 -0.017208236512235033921 0.026867663316240450455	0.70710678118654757274 0.70710678118654757274 0 0	0 0 0	
105	1	6.4385596280805703628 3.9854000141216578967 0.42869312019174732331	0.026095931150678510629 0.012405154390538356696 -0.0048721857527389677428	0.70710678118654757274 0.70710678118654757274 0 0	0 0 0	
106	1	6.4361019701154980055 3.9870673155269997778 2.1448716387964505969	0.0022737005390824622901 0.029113717259834970275 -0.0047101015815622163108	0.70710678118654757274 0.70710678118654757274 0 0	0 0 0	
107	1	6.4389201609894923806 3.9839431042984716491 3.8613211978631065691	0.030600158154071337852 -0.001801496771257779083 -0.0020036997871419161624	0.70710678118654757274 0.70710678118654757274 0 0	0 0 0	
108	1	7.6620580831150535417 0.3043924100874149663 0.42688914576633668618	0.0021646402199068290849 -0.020804675443853032357 -0.020632961343109858243	0.70710678118654757274 0.70710678118654757274 0 0	0 0 0	
109	1	8.2725806036220710382 0.91891691980636569514 1.2850631328776309648	-0.021815754551375347858 -0.0055218516040404517012 -0.021213128402064053424	0.70710678118654757274 0.70710678118654757274 0 0	0 0 0	
110	1	7.6641884401520350423 0.30461523199153128783 2.1460551373677341225	0.024191517751936886943 -0.019547869201259893135 0.0079841716124692489048	0.70710678118654757274 0.70710678118654757274 0 0	0 0 0	
111	1	8.2764336290516116179 0.91866623338218678096 3.0059225209087223618	0.017079785246962162631 -0.0078265029712623196412 0.024995702922971641674	0.70710678118654757274 0.70710678118654757274 0 0	0 0 0	
112	1	7.6598840392769780294 0.30498102273889649005 3.8596393379472551111	-0.018995179730087626696 -0.01531740497439441212 -0.019146665410294461812	0.70710678118654757274 0.70710678118654757274 0 0	0 0 0	
113	1	7.6607008539131404845 1.529732816256202943 0.43051285736668498672	-0.011452564907523455837 -0.026904123878088978539 0.014692198353353166235	0.70710678118654757274 0.70710678118654757274 0 0	0 0 0	
114	1	8.2752206218645536495 2.1466765519805699469 1.2898430287489917045	0.0055000291159214634296 0.013235905177294171597 0.02579998929921335088	0.70710678118654757274 0.70710678118654757274 0 0	0 0 0	
2	1	0.30837611336920339733 0.30736387646762325376 2.1432312692723169967	0.019238435478485485519 0.0084359302147422945972 -0.020801125812219111583	0.70710678118654757274 0.70710678118654757274 0 0	0 0 0	
116	1	8.2759164346785816235 2.1473236085215159363 3.0016025062508808752	0.011695652740840313533 0.020562984398894677135 -0.018372184900033675797	0.70710678118654757274 0.70710678118654757274 0 0	0 0 0	
117	1	7.6590038043927108902 1.5335652835206121658 3.8622845029817294282	-0.028565370851103687178 0.013073128899948148821 0.0073093338269449217165	0.70710678118654757274 0.70710678118654757274 0 0	0 0 0	
1	1	0.917876390333560499 0.92083840291058527416 1.2894028595876443344	-0.015314374968300445423 0.014766080131672213935 0.020584468644514707092	0.70710678118654757274 0.70710678118654757274 0 0	0 0 0	
119	1	8.2775301983938014416 3.3718008468528459787 1.2881765246380461054	0.027955453931657929523 0.0062127675853084363827 0.009955749895667029975	0.70710678118654757274 0.70710678118654757274 0 0	0 0 0	
120	1	7.6635239395352234837 2.756840681292702655 2.1432565293285135155	0.018325187907806728821 -0.01416522651509347086 -0.019781270479171757931	0.70710678118654757274 0.70710678118654757274 0 0	0 0 0	
121	1	8.2764580908637164214 3.3728638052585409035 3.0051708568960986412	0.016882146526625490396 0.016081357408014491234 0.016105880945163932733	0.70710678118654757274 0.70710678118654757274 0 0	0 0 0	
122	1	7.6593463578871476827 2.7596116005353037437 3.8628780942356200079	-0.024771977805887988866 0.013223337040453813848 0.014068341034745855331	0.70710678118654757274 0.70710678118654757274 0 0	0 0 0	
123	1	7.66228900015790515 3.9817542298197925454 0.42716374118032324203	0.0053977912467129589638 -0.024339679512583207999 -0.018975566129332273324	0.70710678118654757274 0.70710678118654757274 0 0	0 0 0	
124	1	7.6609253294268242485 3.9842920021595942259 2.1424275410375570594	-0.0087364412508234932236 0.0011070284213093499557 -0.028920628027704505664	0.70710678118654757274 0.70710678118654757274 0 0	0 0 0	
125	1	7.6644068485644840649 3.982603408216088603 3.8619595817125387249	0.025919047973864881712 -0.015410638513283661175 0.0043247383652715836594	0.70710678118654757274 0.70710678118654757274 0 0	0 0 0	
126	1	0.92164892616170812634 4.5950863148469629493 1.2877154875040768278	0.022065661587277858591 -0.01945703269731183932 0.0049673531132160934909	0.70710678118654757274 0.70710678118654757274 0 0	0 0 0	
127	1	0.91910178329751002213 4.5970179374471893397 3.0064879677386930901	-0.0047098483962229832286 -0.0014531605401126206425 0.029484048345219733556	0.70710678118654757274 0.70710678118654757274 0 0	0 0 0	
128	1	0.3035709200875981173 5.2108003168306549213 0.42972995371500016804	-0.028297681855464204559 0.0073356537765599146017 0.0074283187496906842584	0.70710678118654757274 0.70710678118654757274 0 0	0 0 0	
129	1	0.9205721955568157977 5.8249180850387327624 1.2853284173460839401	0.011916961588735477257 0.018324949966028774434 -0.01888676640898162562	0.70710678118654757274 0.70710678118654757274 0 0	0 0 0	
130	1	0.30802014959093482194 5.2105840866697823444 2.1428096864290337997	0.015702846724215933222 0.0049811335061326865448 -0.025740402901048346079	0.70710678118654757274 0.70710678118654757274 0 0	0 0 0	
131	1	0.92110903549360567677 5.8211178040214006657 3.0017379505799923756	0.016544084509887955342 -0.018277047993035862999 -0.017396298269705519346	0.70710678118654757274 0.70710678118654757274 0 0	0 0 0	
132	1	0.30338113806950267604 5.2101739119289431912 3.8619357600179622381	-0.030845671017352763177 0.0012425194723891344085 0.0044280837857705842089	0.70710678118654757274 0.70710678118654757274 0 0	0 0 0	
133	1	0.30563461143442016699 6.4339663033936611569 0.43137676145666042915	-0.0079777831217374417516 -0.018870346597727700316 0.023175678851453097168	0.70710678118654757274 0.70710678118654757274 0 0	0 0 0	
134	1	0.91945577792465160716 7.047261789515407493 1.2898377287705318217	0.00032308057981411669865 -0.015038232675580610886 0.025964568174150919749	0.70710678118654757274 0.70710678118654757274 0 0	0 0 0	
135	1	0.30735768785658107438 6.4335184926951676232 2.1435952131750046767	0.0090884698681720863661 -0.023905224211920872435 -0.017686958364912266223	0.70710678118654757274 0.70710678118654757274 0 0	0 0 0	
136	1	0.92181517411834756892 7.049253434559653364 3.0017092850176547714	0.024512146251479381004 0.0039980819604131948367 -0.016973529480938092523	0.70710678118654757274 0.70710678118654757274 0 0	0 0 0	
137	1	0.30819845201941009627 6.4364632446960508005 3.864014244836451617	0.017839297637225533244 0.0052747983880306161322 0.024304433375385646465	0.70710678118654757274 0.70710678118654757274 0 0	0 0 0	
138	1	0.30345653495038382719 7.6624901971790944089 0.42855853810446442598	-0.031147913740576238517 0.0072379281312833125897 -0.0047931629864981679934	0.70710678118654757274 0.70710678118654757274 0 0	0 0 0	
139	1	0.92030217100591471535 8.2747941525486528036 1.2843663798236759632	0.0089130358512755844536 -8.6426797371257091124e-05 -0.027626566639453054713	0.70710678118654757274 0.70710678118654757274 0 0	0 0 0	
140	1	0.30767012171966628964 7.6638306978898631527 2.147232480496783058	0.013408732822217113434 0.019628810829431339591 0.01971396953219110848	0.70710678118654757274 0.70710678118654757274 0 0	0 0 0	
141	1	0.91947265907814135222 8.2722054796845299052 3.0052760150744766143	0.00084457097392112213431 -0.025659499209314210605 0.018008104948393648809	0.70710678118654757274 0.70710678118654757274 0 0	0 0 0	
142	1	0.30438019696245000034 7.6630923328371824965 3.8598301538722683546	-0.020665118186658532062 0.011783194279891115799 -0.017254054013812820251	0.70710678118654757274 0.70710678118654757274 0 0	0 0 0	
143	1	2.1442550507096984624 4.5950808819604080924 1.2893960784306635059	-0.0093688330136202369047 -0.020096400255638996457 0.022510222675276529009	0.70710678118654757274 0.70710678118654757274 0 0	0 0 0	
144	1	2.1452961994210832941 4.5990295815049426764 3.0056945196670414866	-0.00055104983263398711005 0.01899694423344989655 0.021201834222089092907	0.70710678118654757274 0.70710678118654757274 0 0	0 0 0	
145	1	1.5337966170556533996 5.2117331636337702605 0.4311218222917971854	0.014718191808413893379 0.016427844420945376253 0.021185043816744880685	0.70710678118654757274 0.70710678118654757274 0 0	0 0 0	
146	1	2.1473660851812246264 5.8207611359142896745 1.2874713374146380396	0.019949968227097891055 -0.021596357743370028781 0.0036145696126158705606	0.70710678118654757274 0.70710678118654757274 0 0	0 0 0	
147	1	1.5298102711391687869 5.2082662787892903822 2.1449460603476535603	-0.025226583322809730675 -0.017235501903150301367 -0.004014598245021263126	0.70710678118654757274 0.70710678118654757274 0 0	0 0 0	
148	1	2.1457502522069953343 5.8224941449757237066 3.0005230655015462382	0.0036747411480529896047 -0.0040674192123908150739 -0.02886591749823211317	0.70710678118654757274 0.70710678118654757274 0 0	0 0 0	
149	1	1.5302631919912359493 5.2095123514165715406 3.85941850733962033	-0.021435372705531415688 -0.0046777924859916107311 -0.02012309782722862192	0.70710678118654757274 0.70710678118654757274 0 0	0 0 0	
150	1	1.5327582182936434485 6.4334760075728345541 0.4272984732766127447	0.0041667085173219559763 -0.023905206390825668727 -0.017077966084612764691	0.70710678118654757274 0.70710678118654757274 0 0	0 0 0	
151	1	2.1450390345926235725 7.0514160869525355224 1.2856889816392531589	-0.0029974241796131505765 0.025500993207142611668 -0.015201984215953548429	0.70710678118654757274 0.70710678118654757274 0 0	0 0 0	
152	1	1.5301044298062960181 6.4373505733594091893 2.14390951432867638	-0.021907249450703610016 0.013661485186565411679 -0.014748685459489265306	0.70710678118654757274 0.70710678118654757274 0 0	0 0 0	
153	1	2.1467414695306010763 7.050685798743729471 3.0016315727703091198	0.014590994373020110819 0.018607239440150066812 -0.017120641647865662838	0.70710678118654757274 0.70710678118654757274 0 0	0 0 0	
154	1	1.5311926077783100109 6.4383422328453230321 3.8629330057941762	-0.010357156815589657617 0.024525065433129055598 0.013534024351561382837	0.70710678118654757274 0.70710678118654757274 0 0	0 0 0	
155	1	1.5317609430684606675 7.6646790542279399361 0.42869125248111417115	-0.0058913972593818359283 0.028080302323980954604 -0.0039472392377010766598	0.70710678118654757274 0.70710678118654757274 0 0	0 0 0	
156	1	2.1473304668613160118 8.2725256059956411292 1.2878666231259998654	0.020586293751754403819 -0.022192040916071895107 0.0061327781877035161123	0.70710678118654757274 0.70710678118654757274 0 0	0 0 0	
157	1	1.5344356108372132486 7.6602067909455024974 2.146892850016837162	0.020929695940599866988 -0.015159963578766704959 0.015515482181400176709	0.70710678118654757274 0.70710678118654757274 0 0	0 0 0	
158	1	2.1431723595437901508 8.2740908067992684494 3.0056560861780452498	-0.021834896416984422157 -0.0070402176079282143689 0.021621920439475979248	0.70710678118654757274 0.70710678118654757274 0 0	0 0 0	
159	1	1.5342212550730445209 7.6634855487684925279 3.8632317188253804119	0.019100771381538615701 0.01588740660781688338 0.017520714733170836275	0.70710678118654757274 0.70710678118654757274 0 0	0 0 0	
160	1	3.3728672802106141049 4.5957805454847422411 1.2894948707251492337	0.017160450994464220009 -0.013401010199769422884 0.023691286023420948109	0.70710678118654757274 0.70710678118654757274 0 0	0 0 0	
161	1	3.373613256659802051 4.5955933531611234955 3.0023747549844101989	0.024165051980997245135 -0.014987507660872381732 -0.010951154087833108244	0.70710678118654757274 0.70710678118654757274 0 0	0 0 0	
162	1	2.759209101418742538 5.210852397240683942 0.43190362095880335813	0.010085881961305323204 0.008013455446113896749 0.029206769408743216837	0.70710678118654757274 0.70710678118654757274 0 0	0 0 0	
163	1	3.3697105836819032376 5.8234447507540929578 1.28985663211802426	-0.014214477006970371864 0.0055105064868151750618 0.026159648267722598186	0.70710678118654757274 0.70710678118654757274 0 0	0 0 0	
164	1	2.7601476680291443522 5.2120164499056329532 2.1463971068264915409	0.018975094784309445156 0.018657181227712142657 0.011451211050368106589	0.70710678118654757274 0.70710678118654757274 0 0	0 0 0	
165	1	3.3736841709411669044 5.8214556412921636408 3.0044498514609152551	0.025472156867607533698 -0.015196467743910712506 0.010441323244543856269	0.70710678118654757274 0.70710678118654757274 0 0	0 0 0	
166	1	2.7558090270647763731 5.2083517541380537352 3.8606084262347351022	-0.024268690898461189875 -0.016573893331561520559 -0.0090042871032836070688	0.70710678118654757274 0.70710678118654757274 0 0	0 0 0	
167	1	2.7576543419927199707 6.4377709946324230827 0.42682011319894369583	-0.0061040049662293618254 0.017834876102061511527 -0.022797175514355293852	0.70710678118654757274 0.70710678118654757274 0 0	0 0 0	
168	1	3.3690599755091215073 7.0507368271426029693 1.2860786961583088317	-0.022131812579086418413 0.019098835378493373566 -0.010262299420328739596	0.70710678118654757274 0.70710678118654757274 0 0	0 0 0	
169	1	2.7554784522956117243 6.4352751946171338204 2.1465947050612061986	-0.027463062194516316139 -0.0054261583802980338856 0.012563988023996634433	0.70710678118654757274 0.70710678118654757274 0 0	0 0 0	
170	1	3.3738264324721924936 7.0487464174866962807 3.0019558392356837651	0.027240567449130389382 -0.0010510820476019445795 -0.014909911373127389747	0.70710678118654757274 0.70710678118654757274 0 0	0 0 0	
171	1	2.7596844728075158315 6.4372612370436597118 3.8637981597475916651	0.014363358266576295441 0.013374592980594970926 0.020997437077952960799	0.70710678118654757274 0.70710678118654757274 0 0	0 0 0	
172	1	2.7593862533097710532 7.6633350545115588304 0.42675140149467011286	0.010768994041502638614 0.016146632889336102329 -0.024072605219359069495	0.70710678118654757274 0.70710678118654757274 0 0	0 0 0	
173	1	3.3713696136524160529 8.2763978634447887828 1.2897386028087960419	0.001340656058485396613 0.016358757531111850492 0.025207265655359672313	0.70710678118654757274 0.70710678118654757274 0 0	0 0 0	
174	1	2.7567352868309216163 7.6636045875547900152 2.1473474443121500776	-0.015107395311807580648 0.01841166536207709814 0.021103495468967253812	0.70710678118654757274 0.70710678118654757274 0 0	0 0 0	
175	1	3.3694396441520977348 8.2725455235691534028 3.0048859696753744686	-0.01780477293689237267 -0.022306481469784686378 0.014020492152203391234	0.70710678118654757274 0.70710678118654757274 0 0	0 0 0	
176	1	2.7595497170295590905 7.6599689789822695829 3.8594651385904952257	0.013568476085024523334 -0.018800048453869067089 -0.021246794684028520728	0.70710678118654757274 0.70710678118654757274 0 0	0 0 0	
177	1	3.9854309203983411258 5.207910440667864016 0.42736087628192986898	0.012556888905986480706 -0.020811394983514284324 -0.016320944536618822718	0.70710678118654757274 0.70710678118654757274 0 0	0 0 0	
178	1	3.98415679846143167 5.2120196672904430812 2.1431639247901257406	0.0016851807272453963801 0.020375023966672844988 -0.019949520212795026491	0.70710678118654757274 0.70710678118654757274 0 0	0 0 0	
179	1	3.9860840659168665923 5.2079389342667345986 3.8604779807723499374	0.019895590076946561425 -0.020978529153717753036 -0.0099997892649943947302	0.70710678118654757274 0.70710678118654757274 0 0	0 0 0	
180	1	3.9840807815045891083 6.4350059912148545038 0.42612511758108134741	-0.0015622960438421043365 -0.01027728493899925967 -0.030297882450048798514	0.70710678118654757274 0.70710678118654757274 0 0	0 0 0	
181	1	3.9867479209215241909 6.4346785519286946453 2.1445645068610241779	0.025817742879636042252 -0.011834069390003193814 -0.0062943826863150692877	0.70710678118654757274 0.70710678118654757274 0 0	0 0 0	
182	1	3.9830667178448875276 6.4385207372038442131 3.8626603849196499141	-0.0096762970438571595938 0.026272915260685494876 0.011036943893475427772	0.70710678118654757274 0.70710678118654757274 0 0	0 0 0	
183	1	3.9822694204564750287 7.6592520335684799448 0.42921451248314895777	-0.019373168345807274815 -0.025488245932683117889 0.00096411767889017672625	0.70710678118654757274 0.70710678118654757274 0 0	0 0 0	
184	1	3.9850716009302322718 7.6646000365449946656 2.1457540730366000403	0.0095153846258401557356 0.027998669495575147226 0.0039746379350073940406	0.70710678118654757274 0.70710678118654757274 0 0	0 0 0	
185	1	3.9849816624632046214 7.6634038245556892477 3.8592012911621176308	0.0089239162619114808378 0.015604958840133038162 -0.023910203019060993768	0.70710678118654757274 0.70710678118654757274 0 0	0 0 0	
186	1	4.5995150417633352546 4.5986154781685559811 1.2880408692802511883	0.024717517038380161509 0.015195673920786334152 0.0086133560131451975678	0.70710678118654757274 0.70710678118654757274 0 0	0 0 0	
187	1	4.5957517722242533509 4.5976959213505210755 3.0061104969098457751	-0.012191896741839730947 0.0072762345944079060561 0.025530132008617600209	0.70710678118654757274 0.70710678118654757274 0 0	0 0 0	
188	1	4.5965291968847843407 5.825605332708878592 1.2885018144036821663	-0.0052342427463196302892 0.025882183815684991351 0.012583347790596662724	0.70710678118654757274 0.70710678118654757274 0 0	0 0 0	
189	1	4.5949560019809512212 5.8240340862454962334 3.0054442185432903578	-0.021155961977789888157 0.0108457763806924911 0.020359415721292826312	0.70710678118654757274 0.70710678118654757274 0 0	0 0 0	
190	1	4.5964667320356280555 7.046093399752955122 1.2885899903961823831	-0.006111153648364799594 -0.027723447254198729794 0.014242074549202034944	0.70710678118654757274 0.70710678118654757274 0 0	0 0 0	
191	1	4.5982307546855842872 7.0514671091369791611 3.0026487527708418668	0.011750321469970586089 0.025897814613049845167 -0.0078655612037059150637	0.70710678118654757274 0.70710678118654757274 0 0	0 0 0	
192	1	4.5987119542073084943 8.2764050472693675431 1.2854332523619642625	0.015801441259965551961 0.016184242959026960001 -0.017019732394858475	0.70710678118654757274 0.70710678118654757274 0 0	0 0 0	
193	1	4.5972431027597453479 8.2722334180040366647 3.0016534775931327239	0.0018149872396435514244 -0.025090912386758056074 -0.018071654485036260651	0.70710678118654757274 0.70710678118654757274 0 0	0 0 0	
194	1	5.8212629606084078659 4.5972354573860689797 1.2897624830193095136	-0.016551516023205196937 0.0016500737502857670564 0.025163463723571789787	0.70710678118654757274 0.70710678118654757274 0 0	0 0 0	
195	1	5.8210731161154694036 4.5993588515263921224 3.0027186286048315189	-0.018070299652682454694 0.024033134040396145897 -0.0075660317140028784944	0.70710678118654757274 0.70710678118654757274 0 0	0 0 0	
196	1	5.2077914125059097117 5.2078322130180572103 0.42882817169796982881	-0.022710096548345482664 -0.021512551091793116059 -0.0025241438405118371731	0.70710678118654757274 0.70710678118654757274 0 0	0 0 0	
197	1	5.8210467859259757972 5.8216146149948988509 1.2892767713709283317	-0.019454098477198072253 -0.013055859368292472428 0.020657878728998990692	0.70710678118654757274 0.70710678118654757274 0 0	0 0 0	
198	1	5.2115765194984717823 5.2123919891240451108 2.1463322042513071075	0.014441972261647928119 0.024211825638000099986 0.011921114987768608243	0.70710678118654757274 0.70710678118654757274 0 0	0 0 0	
199	1	5.8207501251902282746 5.8217650544666623702 3.0053117601534973247	-0.022382438510945342619 -0.011797151657426653559 0.018448436570393012685	0.70710678118654757274 0.70710678118654757274 0 0	0 0 0	
200	1	5.2119335712377976577 5.2115547631584551169 3.8599975748414623311	0.018400273702164321454 0.015222519115539331902 -0.014339831982013100109	0.70710678118654757274 0.70710678118654757274 0 0	0 0 0	
201	1	5.2105174282047688195 6.4379131364364363677 0.42698138965107579335	0.0047719126160240352835 0.018943339596429915883 -0.02098541294984231087	0.70710678118654757274 0.70710678118654757274 0 0	0 0 0	
202	1	5.824532315613503819 7.0513592263974675944 1.2872432225495498148	0.015977018053017939814 0.024331268287002640049 0.00094193687026712983289	0.70710678118654757274 0.70710678118654757274 0 0	0 0 0	
203	1	5.2098281423563603809 6.4344660948494434294 2.1481346740359370528	-0.0021733984523360726747 -0.01461762627847912506 0.029121874440423706903	0.70710678118654757274 0.70710678118654757274 0 0	0 0 0	
204	1	5.822229140480210674 7.0459061665008864139 3.0028285953281157461	-0.0076681498821321606926 -0.029389451615721987748 -0.0044681691737538430445	0.70710678118654757274 0.70710678118654757274 0 0	0 0 0	
205	1	5.2076612623799247714 6.4338166629093969107 3.8617036008291623084	-0.024193211619037344878 -0.020868601763635842572 0.0021577524863663198086	0.70710678118654757274 0.70710678118654757274 0 0	0 0 0	
206	1	5.209337649746101917 7.6599335265973049758 0.43151743105901518849	-0.0068723270844068323412 -0.018871618492480226464 0.024576044184643326684	0.70710678118654757274 0.70710678118654757274 0 0	0 0 0	
207	1	5.8247518877610628962 8.2762446134955869326 1.2890758777562425497	0.018352580982731736547 0.015046356568696085329 0.0174117556673785423	0.70710678118654757274 0.70710678118654757274 0 0	0 0 0	
208	1	5.211215885707686013 7.6604648939452228973 2.1428220692470234532	0.012929928612787506756 -0.013914101710203486198 -0.025319905035790204323	0.70710678118654757274 0.70710678118654757274 0 0	0 0 0	
209	1	5.8251909739314085002 8.2732123114870805836 3.0049246934139102194	0.022251453311586767703 -0.016197754086814456637 0.014476003270964236599	0.70710678118654757274 0.70710678118654757274 0 0	0 0 0	
210	1	5.2090991923932046248 7.6640950351934655771 3.8633426814255460435	-0.0094005303938698332733 0.022246617837237740722 0.018731022547882923007	0.70710678118654757274 0.70710678118654757274 0 0	0 0 0	
211	1	7.0510533793460776764 4.5953027526111709378 1.2859939748972852858	0.022511722205859504425 -0.018450224644871105611 -0.011739339840575841248	0.70710678118654757274 0.70710678118654757274 0 0	0 0 0	
212	1	7.0512832444135122856 4.5978305544661095539 3.0018693990146454453	0.024289035304391106557 0.0071208324007843055992 -0.016428113439448582822	0.70710678118654757274 0.70710678118654757274 0 0	0 0 0	
213	1	6.4383406795196460592 5.2099683307098976215 0.43088045205037200924	0.023856641278795595595 -0.0015000427420808414795 0.018250824975190611116	0.70710678118654757274 0.70710678118654757274 0 0	0 0 0	
214	1	7.0504973490240834266 5.8206157041484258841 1.2860857996532530922	0.017000229536018939686 -0.023587401870710317242 -0.01089854089367553458	0.70710678118654757274 0.70710678118654757274 0 0	0 0 0	
215	1	6.4366427920695281628 5.2090089491985249737 2.1425817210783546507	0.0069215635910169232697 -0.0098270798731507867652 -0.027204101879966666871	0.70710678118654757274 0.70710678118654757274 0 0	0 0 0	
216	1	7.0464830423966136053 5.821929834665391823 3.0016901880631521315	-0.024825278681914274281 -0.010137013693727266878 -0.017450547300859792221	0.70710678118654757274 0.70710678118654757274 0 0	0 0 0	
217	1	6.4377386827607239184 5.2122939607281599805 3.8610133044551817605	0.017869019027895938906 0.023081516406388103563 -0.0054256892191770949088	0.70710678118654757274 0.70710678118654757274 0 0	0 0 0	
218	1	6.4382901240277492505 6.4340506759250439828 0.42852763257198650537	0.024061113816060807763 -0.019057729256569195392 -0.0054186291292040115325	0.70710678118654757274 0.70710678118654757274 0 0	0 0 0	
219	1	7.0511059636038941889 7.0489499050800326074 1.2852004236424943162	0.023226875306073986593 0.0010169616370659692421 -0.019866713894158304077	0.70710678118654757274 0.70710678118654757274 0 0	0 0 0	
220	1	6.4350419259916318282 6.4385551658805200148 2.1464381824902236673	-0.0090407971250119293499 0.025779435028428478172 0.010952793604920019188	0.70710678118654757274 0.70710678118654757274 0 0	0 0 0	
221	1	7.047751149333917553 7.0471770169676570816 3.0059294074556310861	-0.012111787627906385467 -0.016723229744319511453 0.026002814216163586125	0.70710678118654757274 0.70710678118654757274 0 0	0 0 0	
222	1	6.4338037427449847883 6.4348015236722213572 3.8636784261619729897	-0.022205647843653992385 -0.011768153452726691152 0.021091430192993875642	0.70710678118654757274 0.70710678118654757274 0 0	0 0 0	
223	1	6.43396658704483837 7.6594517688489958118 0.42847374614305555607	-0.018827159958528513067 -0.023471952034626611394 -0.0057745849997577099189	0.70710678118654757274 0.70710678118654757274 0 0	0 0 0	
224	1	7.0493752058112928438 8.2727865646423879298 1.2895366813159028219	0.0056282964210023064475 -0.019802639147458542257 0.022449955052005855088	0.70710678118654757274 0.70710678118654757274 0 0	0 0 0	
225	1	6.437708570638165817 7.6632575531336861729 2.1434937906187432333	0.018858474459185047695 0.013849983816974746273 -0.017307740461791662478	0.70710678118654757274 0.70710678118654757274 0 0	0 0 0	
226	1	7.0484908757604403107 8.2730256944684921194 3.0060081626000307864	-0.0034617698508931501675 -0.017347132085839368082 0.025031071088579701089	0.70710678118654757274 0.70710678118654757274 0 0	0 0 0	
227	1	6.4364027390606688428 7.6627072186190101633 3.8644913218244578701	0.0049549650697688473605 0.0095320365023026168427 0.029952314984820118532	0.70710678118654757274 0.70710678118654757274 0 0	0 0 0	
228	1	8.2756126804822240928 4.5974007092981432621 1.2901096477389117911	0.0083590109816066016091 0.0032804551667552830224 0.028826570686651075553	0.70710678118654757274 0.70710678118654757274 0 0	0 0 0	
229	1	8.2729957392237274405 4.5951236763910019434 3.001739835965531622	-0.017237247095561566285 -0.019624342850678249545 -0.018073646099162458262	0.70710678118654757274 0.70710678118654757274 0 0	0 0 0	
230	1	7.6606614188770638663 5.207134310672010713 0.42963897355404234712	-0.011555778231815107965 -0.029306661258184464602 0.004713550602186970806	0.70710678118654757274 0.70710678118654757274 0 0	0 0 0	
231	1	8.2758072627355740991 5.8216131138478814933 1.2847442784972382679	0.0099877846074009415944 -0.013471527874829462845 -0.023934466728579028433	0.70710678118654757274 0.70710678118654757274 0 0	0 0 0	
232	1	7.6591805771869703179 5.2115644983446953731 2.1451766015383673114	-0.02581816098362798087 0.015036816806204071975 -0.0026278832874854960409	0.70710678118654757274 0.70710678118654757274 0 0	0 0 0	
233	1	8.2743134762363972357 5.823843936702880697 3.0005897513955508416	-0.0046710348390591903064 0.0080398493714569571611 -0.028954888116903394757	0.70710678118654757274 0.70710678118654757274 0 0	0 0 0	
234	1	7.663422129440159658 5.2079851899376583546 3.8599588038079892804	0.016154476864665315988 -0.020053940099114087731 -0.016869716980232936365	0.70710678118654757274 0.70710678118654757274 0 0	0 0 0	
235	1	7.6636518797535382319 6.4366225973546127292 0.4268104227602390055	0.018949498504963691037 0.006864316784346110277 -0.023289974787082924623	0.70710678118654757274 0.70710678118654757274 0 0	0 0 0	
236	1	8.2763944454874351919 7.0504756263165120345 1.2891692397558862648	0.016693646429873264941 0.015975770086381298196 0.020420817451565719675	0.70710678118654757274 0.70710678118654757274 0 0	0 0 0	
237	1	7.6598122606966683179 6.4377608690551255677 2.1467303692782526703	-0.020080831695220398986 0.018130512099303844331 0.014002904558532430421	0.70710678118654757274 0.70710678118654757274 0 0	0 0 0	
238	1	8.2759737078778599084 7.0464868377088043516 3.005016686499391465	0.012750444651105185059 -0.023428414526528922729 0.01544899575616274362	0.70710678118654757274 0.70710678118654757274 0 0	0 0 0	
239	1	7.6609947303341972002 6.436545194449664109 3.8586970929764192739	-0.0083647417958783009534 0.0055341325308770330724 -0.029397139890051153521	0.70710678118654757274 0.70710678118654757274 0 0	0 0 0	
240	1	7.6602885673795393373 7.6644019362579403065 0.42907270886066278814	-0.014950961943803985077 0.025724810682687445501 -0.00076766504251081578002	0.70710678118654757274 0.70710678118654757274 0 0	0 0 0	
241	1	8.275931314266525618 8.272944934736980116 1.2894565696190740667	0.011814794550447409865 -0.018107320052048767739 0.023111904243824067662	0.70710678118654757274 0.70710678118654757274 0 0	0 0 0	
242	1	7.6627333795275003325 7.6597356786463484113 2.1475712913519275915	0.0095424380255863961581 -0.021484446449662800843 0.024124387253173666668	0.70710678118654757274 0.70710678118654757274 0 0	0 0 0	
243	1	8.2751048804769169465 8.2743133275039379981 3.0004837391605621022	0.0038663599367182313951 -0.0047194405020399635142 -0.029316065132364260704	0.70710678118654757274 0.70710678118654757274 0 0	0 0 0	
244	1	7.6602363747470407773 7.6634981118530403066 3.8596080855100729501	-0.015402254209332173762 0.016860762112647798699 -0.020009625126393655592	0.70710678118654757274 0.70710678118654757274 0 0	0 0 0	
245	1	0.92033901729930189806 0.91962974403746322594 4.7225084295484274222	0.0090261583861132709677 0.0013389624396138802027 0.026269758243401414299	0.70710678118654757274 0.70710678118654757274 0 0	0 0 0	
246	1	0.30615585118266086528 0.30794397629973285779 5.575196128448345334	-0.0034833605531868799994 0.014186416051161854571 -0.027004211085643017171	0.70710678118654757274 0.70710678118654757274 0 0	0 0 0	
247	1	0.91823381374817236722 0.9171990933593722195 6.4341247443492806113	-0.012312691756853580416 -0.02210447191549161014 -0.01750665026845020511	0.70710678118654757274 0.70710678118654757274 0 0	0 0 0	
248	1	0.30686788658362273985 0.30542268364652114254 7.2969861200503789433	0.0035779128233100854044 -0.011564831850780997111 0.029713883880272688037	0.70710678118654757274 0.70710678118654757274 0 0	0 0 0	
249	1	0.92158656934188498688 0.92083422937572512179 8.150892592907023726	0.021648170586545053412 0.013089115241999009498 -0.011038693766574403377	0.70710678118654757274 0.70710678118654757274 0 0	0 0 0	
250	1	0.92169688477527089709 2.1439485088676630831 4.7212398151238090804	0.023735614047827480189 -0.013899796572850309576 0.014359207162589609011	0.70710678118654757274 0.70710678118654757274 0 0	0 0 0	
251	1	0.30857810750000969069 1.5314680398433628827 5.5758224434928180813	0.02132076024118453178 -0.0097896985865662620313 -0.019916253059064581432	0.70710678118654757274 0.70710678118654757274 0 0	0 0 0	
252	1	0.91889921659663875708 2.1473872749991227415 6.4338441985974874626	-0.0049876930549738306836 0.020698044208112841708 -0.021301506930448188548	0.70710678118654757274 0.70710678118654757274 0 0	0 0 0	
253	1	0.30414702958054196102 1.5304976803750860448 7.2951420036931686752	-0.022762611106844798936 -0.019366130574186353475 0.0117931064718357001	0.70710678118654757274 0.70710678118654757274 0 0	0 0 0	
254	1	0.92092396942191989684 2.143665162206060959 8.1543149458001202845	0.015226974302873057254 -0.016301972334762791783 0.021237161154332932778	0.70710678118654757274 0.70710678118654757274 0 0	0 0 0	
255	1	0.9213788390926070937 3.3729020437426839862 4.7182276648872649716	0.020091962128393297399 0.01696997172111685756 -0.015281608361903809348	0.70710678118654757274 0.70710678118654757274 0 0	0 0 0	
256	1	0.30728590988301868192 2.7600910656464443527 5.5756021433002027621	0.0078926514872657109467 0.018103465985270811994 -0.023111599296854426489	0.70710678118654757274 0.70710678118654757274 0 0	0 0 0	
257	1	0.92114048996500741406 3.3711265653948947474 6.4334762401947109822	0.017587063620332077374 0.00025550488664285504097 -0.024594879525678209342	0.70710678118654757274 0.70710678118654757274 0 0	0 0 0	
258	1	0.30587633126276092543 2.7606448361148792081 7.2924463100269862892	-0.0060919629553306386266 0.023162347868954293734 -0.015698840133288795295	0.70710678118654757274 0.70710678118654757274 0 0	0 0 0	
259	1	0.91955580480499321538 3.3681714111874709872 8.1528492843459794415	0.0013544647660104357396 -0.029520077268481562105 0.0067508601789689377803	0.70710678118654757274 0.70710678118654757274 0 0	0 0 0	
260	1	0.3067252983723477433 3.9823601143749991493 5.5753354252630362708	0.0031859422665640358026 -0.017267308145232775768 -0.02497661250148023801	0.70710678118654757274 0.70710678118654757274 0 0	0 0 0	
261	1	0.30454058816500090279 3.9816982180143507541 7.2935365980458310986	-0.019452694936320721886 -0.02443890369905129395 -0.0060422186150018005954	0.70710678118654757274 0.70710678118654757274 0 0	0 0 0	
262	1	2.1441250896271002446 0.9194018068205408456 4.7169020469195315215	-0.011650664209701682913 -0.00072874329467239110092 -0.027546226221590797839	0.70710678118654757274 0.70710678118654757274 0 0	0 0 0	
263	1	1.5306529521112754999 0.30893193384187989103 5.5780175975010450884	-0.016580225764249542642 0.024137837086192152902 0.0020556139724769964712	0.70710678118654757274 0.70710678118654757274 0 0	0 0 0	
264	1	2.1478581030327634771 0.92062392359926370489 6.4368403772772397886	0.025462317284088348268 0.011143527386795972281 0.0091309677887951266884	0.70710678118654757274 0.70710678118654757274 0 0	0 0 0	
265	1	1.532322355031208172 0.30833698732736830594 7.2964312498331507228	3.6899335530805688424e-05 0.017967210155744445937 0.023829496996852259083	0.70710678118654757274 0.70710678118654757274 0 0	0 0 0	
266	1	2.1441395168931878246 0.91803438308522156142 8.1547790973368634582	-0.011065779169446387023 -0.014608952528638552773 0.026578995276657749885	0.70710678118654757274 0.70710678118654757274 0 0	0 0 0	
267	1	2.1463779063370296285 2.1424710718860620062 4.7190465036224971129	0.010082692368356196977 -0.028809886313553360188 -0.0060000877799910043789	0.70710678118654757274 0.70710678118654757274 0 0	0 0 0	
268	1	1.5312948654804636739 1.5295571512712680118 5.576971317789908511	-0.010192649981155429278 -0.027881831322355520031 -0.008110316691662842678	0.70710678118654757274 0.70710678118654757274 0 0	0 0 0	
269	1	2.1423528982467088255 2.146332859012448413 6.4356467152256051634	-0.030260490731118513952 0.011718692564726511385 -0.0029037325558274218636	0.70710678118654757274 0.70710678118654757274 0 0	0 0 0	
270	1	1.5348069639757615512 1.5322128272097226276 7.2958406136673348286	0.024135062885811225247 -0.0012225799044530700609 0.018389898982897858598	0.70710678118654757274 0.70710678118654757274 0 0	0 0 0	
271	1	2.1474909379687598943 2.1473123654035282115 8.1522973745613747099	0.022017233100264221174 0.020047365613801278184 0.0021143104172479305382	0.70710678118654757274 0.70710678118654757274 0 0	0 0 0	
272	1	2.1434508208855356237 3.3721034021250462231 4.7174312592926570531	-0.018494866232817507024 0.0092860235825396944542 -0.023058388573131697458	0.70710678118654757274 0.70710678118654757274 0 0	0 0 0	
273	1	1.531883778878623481 2.7607757043569916 5.5762379017864498465	-0.004490730387328101085 0.025542214482489004196 -0.01658625278604963782	0.70710678118654757274 0.70710678118654757274 0 0	0 0 0	
274	1	2.1442583034380842122 3.3732989801618749048 6.4379468334774649918	-0.010895412737750936882 0.022034475317776365533 0.020342711753597812058	0.70710678118654757274 0.70710678118654757274 0 0	0 0 0	
275	1	1.5316718134621538638 2.7582406713719560543 7.2971033924636596879	-0.0069861449171700618077 0.00070324006755106396784 0.030860051896465897497	0.70710678118654757274 0.70710678118654757274 0 0	0 0 0	
276	1	2.1424852588441578582 3.3723123565893073916 8.1527628910054978917	-0.027380329401639612319 0.012881359582008861456 0.006287591921776105458	0.70710678118654757274 0.70710678118654757274 0 0	0 0 0	
277	1	1.534567398463452248 3.9839700803284032737 5.5798874326837903936	0.02222104179824978612 -0.00050946415781047329346 0.020406597186141798433	0.70710678118654757274 0.70710678118654757274 0 0	0 0 0	
278	1	1.5335489267398718649 3.9865132218332304248 7.2927661374625039059	0.01182016051697981282 0.02405199990275177363 -0.012171760250328898453	0.70710678118654757274 0.70710678118654757274 0 0	0 0 0	
279	1	3.3725778007147493298 0.92025541692714352138 4.7222272595656749061	0.013654530748805158297 0.007938435512911436176 0.024905235353942484222	0.70710678118654757274 0.70710678118654757274 0 0	0 0 0	
280	1	2.7600374550939874574 0.3083382049231405686 5.5763976998076687508	0.017723388168600622689 0.018541630811125649203 -0.014024002255520567201	0.70710678118654757274 0.70710678118654757274 0 0	0 0 0	
281	1	3.3705406108451314573 0.91754864538291536213 6.4335902432690614816	-0.0057066409915175388828 -0.018519829319506967563 -0.023329545443433012675	0.70710678118654757274 0.70710678118654757274 0 0	0 0 0	
282	1	2.7610476939748860303 0.30657370613774637125 7.2950906759840252747	0.027081444083925949179 0.0014613131147839970858 0.011213496185914353237	0.70710678118654757274 0.70710678118654757274 0 0	0 0 0	
283	1	3.3729663637282514266 0.9173919783081940782 8.1508539341716339521	0.017194517264834421194 -0.019398164417801285614 -0.012601399894965760462	0.70710678118654757274 0.70710678118654757274 0 0	0 0 0	
284	1	3.3718490978063293539 2.146660613759516778 4.7223210411217424465	0.0064502702377768833877 0.012735549539459522714 0.02655221359405461265	0.70710678118654757274 0.70710678118654757274 0 0	0 0 0	
285	1	2.7565814948753870617 1.5329533069456307004 5.5803513666875650401	-0.016973240256071695647 0.0060492680619567496328 0.024977306821971509421	0.70710678118654757274 0.70710678118654757274 0 0	0 0 0	
286	1	3.3732221613805530858 2.146206919991477946 6.4339987908667923833	0.018886224864044436761 0.0090415775504055287404 -0.020074170702128538157	0.70710678118654757274 0.70710678118654757274 0 0	0 0 0	
287	1	2.7561289056472433323 1.5318004200377539625 7.291965732409712686	-0.020128952024791958719 -0.0051971957254449375682 -0.020422723722156227444	0.70710678118654757274 0.70710678118654757274 0 0	0 0 0	
288	1	3.3726914940120136244 2.1475397134053504367 8.153505475423354909	0.014753396454640719387 0.023022611150301016542 0.012999084146390204805	0.70710678118654757274 0.70710678118654757274 0 0	0 0 0	
289	1	3.3732551106915988903 3.3691770508348306556 4.71870372783492531	0.021117035513273593045 -0.019613145045667437077 -0.0096904669951405203454	0.70710678118654757274 0.70710678118654757274 0 0	0 0 0	
290	1	2.7557176525463740191 2.759211450688193068 5.5762474218743980359	-0.026532238653425417596 0.010565410874247560535 -0.01587086248458793869	0.70710678118654757274 0.70710678118654757274 0 0	0 0 0	
291	1	3.3693756857100352065 3.3720260276851430348 6.4335768653423226482	-0.018735619887436480435 0.0098656851664493498688 -0.023937625452547437593	0.70710678118654757274 0.70710678118654757274 0 0	0 0 0	
292	1	2.7580162267751928695 2.7612859102276066103 7.2942138375329683697	-0.0026810650012180224817 0.031619671826296005812 0.0022559905929972743667	0.70710678118654757274 0.70710678118654757274 0 0	0 0 0	
293	1	3.3706275538263787972 3.3721390207453030285 8.1550920625373848338	-0.0055498634029683508936 0.010809240513371757772 0.029513185930188135658	0.70710678118654757274 0.70710678118654757274 0 0	0 0 0	
294	1	2.7588201256796893723 3.9868298710712219979 5.5767782428066432487	0.0050839433572643947731 0.026524958079909795317 -0.010092801042910959711	0.70710678118654757274 0.70710678118654757274 0 0	0 0 0	
295	1	2.7582590178671386738 3.9857299843632314484 7.2967109356616370874	-0.00015692464803412995572 0.01724119834464703932 0.026896808659291494142	0.70710678118654757274 0.70710678118654757274 0 0	0 0 0	
296	1	3.9818505071031449205 0.30479282374362659525 5.5764783141036868841	-0.022805613638422442269 -0.017573498138369215288 -0.013157109986717563724	0.70710678118654757274 0.70710678118654757274 0 0	0 0 0	
297	1	3.9826694809621216997 0.30814845112770905544 7.2960686554721476682	-0.014347671436879495463 0.016409187161519511733 0.018615400435224856851	0.70710678118654757274 0.70710678118654757274 0 0	0 0 0	
298	1	3.9825839907575590892 1.5303304600042719752 5.5760097971822775165	-0.01501693249885435559 -0.021105210392876848358 -0.018155118536290575787	0.70710678118654757274 0.70710678118654757274 0 0	0 0 0	
299	1	3.9851172403770873665 1.5351522987211638771 7.2938208585927997163	0.0095502455002802171674 0.027985896564974636208 -0.0034392614921084870873	0.70710678118654757274 0.70710678118654757274 0 0	0 0 0	
300	1	3.9817568894570265492 2.7563228921866680388 5.5782660528949810086	-0.022583447124957026914 -0.019021801735016264506 0.0041020981655602107088	0.70710678118654757274 0.70710678118654757274 0 0	0 0 0	
301	1	3.9837889660543384096 2.7610023081670376222 7.2927228373331853817	-0.0029949662949455471 0.029617118479101992023 -0.013869508712652037219	0.70710678118654757274 0.70710678118654757274 0 0	0 0 0	
302	1	3.9861191726524283219 3.9818764013162435411 5.5785703433477138447	0.020156647321033539788 -0.022739030790500321805 0.0082098065817005037859	0.70710678118654757274 0.70710678118654757274 0 0	0 0 0	
303	1	3.9821528500152463259 3.9857305181246389658 7.2923991021413705482	-0.020247182918913701061 0.016903842564443157664 -0.015267268941355745596	0.70710678118654757274 0.70710678118654757274 0 0	0 0 0	
304	1	4.5991041866501518598 0.91742671837732525653 4.7210338682169377122	0.020641231935401269798 -0.020845285831457290027 0.014404046765162896795	0.70710678118654757274 0.70710678118654757274 0 0	0 0 0	
305	1	4.5999075661428454609 0.91886303587431572559 6.4352755888022912245	0.026861977157745502848 -0.0059290687769049266881 -0.0073643361324406426266	0.70710678118654757274 0.70710678118654757274 0 0	0 0 0	
306	1	4.5967840045598897802 0.91825463591551237386 8.1494485807617635942	-0.0033598522957105718921 -0.01012100449348929225 -0.026185113884146803825	0.70710678118654757274 0.70710678118654757274 0 0	0 0 0	
307	1	4.5978883405001562679 2.1474704426678301594 4.7178545401880782606	0.0087819364626062802748 0.021552555622721365075 -0.017680909010855158647	0.70710678118654757274 0.70710678118654757274 0 0	0 0 0	
308	1	4.5974661797645337558 2.1440540418204689921 6.4331582573773413714	0.0047913366086919052453 -0.011898610372399608115 -0.028484261426749098167	0.70710678118654757274 0.70710678118654757274 0 0	0 0 0	
309	1	4.5960929250502866594 2.1480602046098615787 8.15135720602403957	-0.01034721391595149094 0.028542709724453451531 -0.0077100333326753202681	0.70710678118654757274 0.70710678118654757274 0 0	0 0 0	
310	1	4.5995575414190987829 3.372008462367344972 4.7182440534838976376	0.025317911298899795774 0.0075992724784384466444 -0.014298160373537677215	0.70710678118654757274 0.70710678118654757274 0 0	0 0 0	
311	1	4.5985891109464542836 3.3737108016517978193 6.435723001544814359	0.015008914381232021582 0.024783341190051395159 -0.001286394603715065952	0.70710678118654757274 0.70710678118654757274 0 0	0 0 0	
312	1	4.5993757486007202928 3.3725938618322839346 8.1510362648690808385	0.021274629007785598317 0.015010902861851804779 -0.011285153819002758865	0.70710678118654757274 0.70710678118654757274 0 0	0 0 0	
313	1	5.8247785393560445044 0.92129945016172365424 4.7211640800433913867	0.018243856820307834815 0.018719041116432060673 0.014880371427868684803	0.70710678118654757274 0.70710678118654757274 0 0	0 0 0	
314	1	5.2082667477617983209 0.30475675391176643148 5.579745544630763554	-0.017710546512376319078 -0.017556596556947905163 0.018060755514340675471	0.70710678118654757274 0.70710678118654757274 0 0	0 0 0	
315	1	5.8199997037049344684 0.91855926904882656547 6.4354648050625682387	-0.029690490657045955775 -0.0086378645697657800012 -0.0050064262482179587924	0.70710678118654757274 0.70710678118654757274 0 0	0 0 0	
316	1	5.209447708128053911 0.30751394179979119059 7.2968460597170068382	-0.0053251607901044226492 0.010238038279614915943 0.027121377140184279447	0.70710678118654757274 0.70710678118654757274 0 0	0 0 0	
317	1	5.8259161642474310838 0.9188896367286070177 8.1524210806528127904	0.029249085977185028395 -0.0045116550852627116536 0.0034232696926620263117	0.70710678118654757274 0.70710678118654757274 0 0	0 0 0	
318	1	5.8258003844862811249 2.1441723014166913508 4.719955178285064612	0.028841643017736191129 -0.011332021218859214887 0.0032332678606190293387	0.70710678118654757274 0.70710678118654757274 0 0	0 0 0	
319	1	5.2100903243692444633 1.5342378991503446972 5.5754586951473212864	0.00092876066119282612178 0.018851644470249642044 -0.024276322771496206682	0.70710678118654757274 0.70710678118654757274 0 0	0 0 0	
320	1	5.8248451942383203672 2.1455698642478728821 6.4336512264322394117	0.018705067250079025765 0.0022510606382979869884 -0.022371760166375983386	0.70710678118654757274 0.70710678118654757274 0 0	0 0 0	
321	1	5.2083163761340411924 1.5319230730262554108 7.2915982642867351871	-0.016166357756832450132 -0.0039762441451392342706 -0.024202559465297257546	0.70710678118654757274 0.70710678118654757274 0 0	0 0 0	
322	1	5.8226040185775094216 2.1429179639400492974 8.1542110914157177604	-0.004203822465229089915 -0.024512287008958865558 0.020009513890231003103	0.70710678118654757274 0.70710678118654757274 0 0	0 0 0	
323	1	5.8230576571676317954 3.3694101367016657811 4.7223007409510238119	0.0013235088848663444094 -0.018390614753635098344 0.026734910285675487357	0.70710678118654757274 0.70710678118654757274 0 0	0 0 0	
324	1	5.2129807461652726275 2.7576828226513150355 5.5781748438419471725	0.029866471595915499576 -0.005558384914976304339 0.0035389086478592930197	0.70710678118654757274 0.70710678118654757274 0 0	0 0 0	
325	1	5.8216444118688617237 3.3735791182337160343 6.437443249920265842	-0.012684387775478809732 0.025501158792068868292 0.01634462895475549335	0.70710678118654757274 0.70710678118654757274 0 0	0 0 0	
326	1	5.2116331448006461002 2.7594846809885700267 7.2962345770871213091	0.015650098511215411456 0.012563991379014928865 0.020646754862347481418	0.70710678118654757274 0.70710678118654757274 0 0	0 0 0	
327	1	5.8210631246743878009 3.3708003046003254255 8.1498032091162500024	-0.018967330495073316671 -0.0034636010626383838089 -0.023890829579270553978	0.70710678118654757274 0.70710678118654757274 0 0	0 0 0	
328	1	5.2103538432917604339 3.9835838724682144374 5.5808829991308135376	0.0038744229807317911128 -0.0046942084077358720365 0.031636847452671479353	0.70710678118654757274 0.70710678118654757274 0 0	0 0 0	
329	1	5.2078766248760972601 3.9862506038206566572 7.294837474744679362	-0.021532317124008826248 0.022637258909956704117 0.0085088710335177661359	0.70710678118654757274 0.70710678118654757274 0 0	0 0 0	
330	1	7.0471524322015062225 0.92061687863313912406 4.7174077749084819544	-0.01749545487892270601 0.013252056552615664939 -0.023557762048332420851	0.70710678118654757274 0.70710678118654757274 0 0	0 0 0	
331	1	6.4378812892835224346 0.30448206783423675814 5.576626313950582059	0.019424573779902445242 -0.019922050577370307989 -0.011536316490635299334	0.70710678118654757274 0.70710678118654757274 0 0	0 0 0	
332	1	7.0486531798099889556 0.9214262766690741735 6.4381582680958020504	-0.0028302758542768143707 0.019636922331296140926 0.021714908928542501348	0.70710678118654757274 0.70710678118654757274 0 0	0 0 0	
333	1	6.4353473054795182762 0.30797637583108589121 7.2966918327344112427	-0.0051707311005967319245 0.014872592035808897964 0.027260878162454500045	0.70710678118654757274 0.70710678118654757274 0 0	0 0 0	
334	1	7.0496706596769520559 0.92102654767422786897 8.1546441092356545255	0.0085967486649436864604 0.015465737357947883374 0.025551774603187263346	0.70710678118654757274 0.70710678118654757274 0 0	0 0 0	
335	1	7.047042511910456497 2.1472733962237229299 4.7212179539431931019	-0.019284303336179715177 0.019381509882276517359 0.015396801543762576522	0.70710678118654757274 0.70710678118654757274 0 0	0 0 0	
336	1	6.4334104316675189139 1.5324870157097219003 5.576101183327451416	-0.024356015683842612701 0.0017385127208972507486 -0.016453236592700277302	0.70710678118654757274 0.70710678118654757274 0 0	0 0 0	
337	1	7.0509810130353143265 2.1463882432896883579 6.437826973698170363	0.021574423409935639812 0.011468443285859794209 0.019216615202377874266	0.70710678118654757274 0.70710678118654757274 0 0	0 0 0	
338	1	6.438351221358074028 1.5318388778386857751 7.2957435786205877548	0.023399515769842067769 -0.0052034706595697937173 0.017070674021925257707	0.70710678118654757274 0.70710678118654757274 0 0	0 0 0	
339	1	7.0469677385233220335 2.143547309578826443 8.1504156868423507376	-0.019258596054725841268 -0.017912376610620842771 -0.01751969348544235236	0.70710678118654757274 0.70710678118654757274 0 0	0 0 0	
340	1	7.0469436997506518239 3.369663968372518692 4.721755371246119104	-0.020318783173899349764 -0.014999660318610099838 0.021690699343266377913	0.70710678118654757274 0.70710678118654757274 0 0	0 0 0	
341	1	6.4345190048954048478 2.7564825993016985883 5.5800507945468815763	-0.013913259975667424326 -0.017126375321279960207 0.023633196869665262091	0.70710678118654757274 0.70710678118654757274 0 0	0 0 0	
342	1	7.0500649873980210103 3.3724731063945632137 6.4383765552204348381	0.010596851125249459255 0.013004387288005334056 0.024490210360212216062	0.70710678118654757274 0.70710678118654757274 0 0	0 0 0	
343	1	6.4338979720732574208 2.7595259715010040935 7.292214838350004058	-0.019623010581960732834 0.012931408023863338527 -0.018010836724716258045	0.70710678118654757274 0.70710678118654757274 0 0	0 0 0	
344	1	7.0494027980269500233 3.3692130701630444989 8.1498288807500127717	0.0048236681408214375499 -0.019895427351745358785 -0.025162655499641910228	0.70710678118654757274 0.70710678118654757274 0 0	0 0 0	
345	1	6.4350340331703170804 3.9870057991660012853 5.5778588583354933306	-0.009375207061165282893 0.028495520206580936262 0.0026958585512760436728	0.70710678118654757274 0.70710678118654757274 0 0	0 0 0	
346	1	6.4378977813124436125 3.9849504993133249009 7.2961575305066750374	0.018783119891406841601 0.0085381365179980836522 0.021150639848483650252	0.70710678118654757274 0.70710678118654757274 0 0	0 0 0	
347	1	8.2751313815403602092 0.9173333709860260754 4.7173942083767519406	0.0031339707021599484855 -0.021673051358192717275 -0.023873817990073233769	0.70710678118654757274 0.70710678118654757274 0 0	0 0 0	
348	1	7.6601389214670483341 0.30584227679524544907 5.5752876649865035219	-0.016464496232797529857 -0.0063022137422823511221 -0.025786938782775173373	0.70710678118654757274 0.70710678118654757274 0 0	0 0 0	
349	1	8.2729418046582221535 0.91677356257241238158 6.4361041639170135653	-0.018567350678652377177 -0.027513827125279940317 0.0015012263740398889417	0.70710678118654757274 0.70710678118654757274 0 0	0 0 0	
350	1	7.659613038722250522 0.30430422075817159522 7.2947569178035456261	-0.022059116221325805046 -0.021303375008695498577 0.0083410795474429394458	0.70710678118654757274 0.70710678118654757274 0 0	0 0 0	
351	1	8.2768086076591149691 0.91836528155285146457 8.1542050918213249133	0.019885820544555756623 -0.01137836262851540936 0.020949648664936270509	0.70710678118654757274 0.70710678118654757274 0 0	0 0 0	
352	1	8.2755660223362657035 2.1423985207032307798 4.7203274387393561184	0.0076009622039188472556 -0.028698480912377179186 0.005760700606144425126	0.70710678118654757274 0.70710678118654757274 0 0	0 0 0	
353	1	7.6639642727017269763 1.5342357816527689707 5.5771909929025911268	0.021155085659687319216 0.018121213385588367389 -0.0064823949641335176439	0.70710678118654757274 0.70710678118654757274 0 0	0 0 0	
354	1	8.2763828301530217857 2.1432591453789164859 6.4375244696677631495	0.016069415670089657461 -0.020401468136139556953 0.015167273485740616346	0.70710678118654757274 0.70710678118654757274 0 0	0 0 0	
355	1	7.6591497626478322047 1.530688636619541354 7.2938855059959202265	-0.026193807271486936605 -0.017553054995435395796 0.00010386819748437140106	0.70710678118654757274 0.70710678118654757274 0 0	0 0 0	
356	1	8.2746793449280424682 2.1428727329623744602 8.1541402055745262345	-0.0013732632914929018657 -0.0245652991671887512 0.018991706489173636185	0.70710678118654757274 0.70710678118654757274 0 0	0 0 0	
357	1	8.2725019800692756178 3.3716384089686028958 4.7176402866301483385	-0.02318662600809293789 0.0039583617184209274331 -0.020177590609107270286	0.70710678118654757274 0.70710678118654757274 0 0	0 0 0	
358	1	7.6594773805025591074 2.7576678919995925021 5.575890555870091525	-0.023510666316078333155 -0.0056261432057802020223 -0.018459006101730967425	0.70710678118654757274 0.70710678118654757274 0 0	0 0 0	
359	1	8.2721165152975082435 3.3702314641525927819 6.4345017274587519296	-0.026786715272950647332 -0.0096661777366483514484 -0.015197675852743610866	0.70710678118654757274 0.70710678118654757274 0 0	0 0 0	
360	1	7.6630146905344371788 2.7608914828132031793 7.2938006522727842906	0.011688089384345694624 0.025545618746952995087 -0.0023346712616958741407	0.70710678118654757274 0.70710678118654757274 0 0	0 0 0	
361	1	8.273528150765621092 3.3700569448483461699 8.1495777136503075866	-0.012484017633978796574 -0.011269813400847537507 -0.026328739387096681407	0.70710678118654757274 0.70710678118654757274 0 0	0 0 0	
362	1	7.6596904439698372258 3.9861191975103200669 5.5789854587449827505	-0.022201073201524510609 0.020693476848495824527 0.011960303477311015619	0.70710678118654757274 0.70710678118654757274 0 0	0 0 0	
363	1	7.659910106334253399 3.9823866453186793635 7.2923343349379026179	-0.019191732888065835688 -0.017090718367054304888 -0.016941097257167480467	0.70710678118654757274 0.70710678118654757274 0 0	0 0 0	
364	1	0.92130965742780224215 4.5984834953372111244 4.721569291854839534	0.019446766235601306572 0.013856114161480003952 0.01859673897224432132	0.70710678118654757274 0.70710678118654757274 0 0	0 0 0	
365	1	0.92178340654155199729 4.5988764159225450356 6.4360842382067939837	0.023980398942262552697 0.017788630417177000997 0.0013360542546983599898	0.70710678118654757274 0.70710678118654757274 0 0	0 0 0	
366	1	0.92156058869331081151 4.5982654383641952123 8.1505372766651476013	0.021574659568828872397 0.012271764910736870577 -0.015348178482340935069	0.70710678118654757274 0.70710678118654757274 0 0	0 0 0	
367	1	0.92169821495174542036 5.8224130809857852498 4.7216695298207742582	0.023210083690882763602 -0.005415519861513886854 0.020169255824380054321	0.70710678118654757274 0.70710678118654757274 0 0	0 0 0	
368	1	0.30797942276324075106 5.20786635536019471 5.5762931256056837981	0.015451953178388579124 -0.020867766959571276003 -0.015095573777867216103	0.70710678118654757274 0.70710678118654757274 0 0	0 0 0	
369	1	0.92134840685013441597 5.8206465964108451416 6.4356486692235517211	0.018978488003540711082 -0.02261563981494984707 -0.0029976313060157550039	0.70710678118654757274 0.70710678118654757274 0 0	0 0 0	
370	1	0.30386952159267727192 5.2102529586297006148 7.2958070541379811402	-0.025983405298183711446 0.0031247060113182385452 0.018374857745335190784	0.70710678118654757274 0.70710678118654757274 0 0	0 0 0	
371	1	0.91959128594892702857 5.8225908867124713808 8.155280030334267849	0.0015530327741263500255 -0.0031230800523938135466 0.031817991321846199326	0.70710678118654757274 0.70710678118654757274 0 0	0 0 0	
372	1	0.92067146820459877521 7.0465984087359530008 4.7214340200330200403	0.01311454292966112746 -0.022303441115687203111 0.018094375742497160325	0.70710678118654757274 0.70710678118654757274 0 0	0 0 0	
373	1	0.3047948653484813808 6.4353549973419861274 5.5753418728071064692	-0.015705368229229101779 -0.0063790077670693402442 -0.024393597062892707905	0.70710678118654757274 0.70710678118654757274 0 0	0 0 0	
374	1	0.91801710945718695278 7.0469012306049565453 6.4379186203344440642	-0.013283926652245321709 -0.020095986587391517081 0.018829784852247257593	0.70710678118654757274 0.70710678118654757274 0 0	0 0 0	
375	1	0.30838405505631588666 6.4378412556039128489 7.2953635816367352618	0.0199058155239087535 0.018855038523147852475 0.013750708719647701181	0.70710678118654757274 0.70710678118654757274 0 0	0 0 0	
376	1	0.91747006439277634104 7.0511398243148892817 8.1519029228734378734	-0.019273440650972646637 0.022386384161409225019 -0.001822012162555038681	0.70710678118654757274 0.70710678118654757274 0 0	0 0 0	
377	1	0.91812138725819425478 8.2720925370745170824 4.7207484188778137124	-0.012364377395844589058 -0.026452010113543630854 0.010673653468314803563	0.70710678118654757274 0.70710678118654757274 0 0	0 0 0	
378	1	0.30932764921821570558 7.6625657218840252938 5.5779184327679400823	0.028442600134110491983 0.0062946408450934663442 0.00058801660502739907382	0.70710678118654757274 0.70710678118654757274 0 0	0 0 0	
379	1	0.91820591963050013362 8.2730202332243205632 6.4336678885974993847	-0.012147570877130101086 -0.017738960370525833771 -0.022476859288837958833	0.70710678118654757274 0.70710678118654757274 0 0	0 0 0	
380	1	0.30859720177331750879 7.6608004990938569634 7.2959955800435993822	0.020850387553315610084 -0.0095253314888485152157 0.019655358197008022253	0.70710678118654757274 0.70710678118654757274 0 0	0 0 0	
381	1	0.91853686742400464382 8.2757046642709219952 8.1550797633104554762	-0.0096787294384134640174 0.010888128088152685194 0.030509804359603393681	0.70710678118654757274 0.70710678118654757274 0 0	0 0 0	
382	1	2.1440112928697270256 4.5987506546532852525 4.7219987280569455379	-0.014721858622511126841 0.017483919956128236156 0.023295258215291703846	0.70710678118654757274 0.70710678118654757274 0 0	0 0 0	
383	1	2.1425726499458810359 4.5962002716551113579 6.4347495404925538764	-0.027696939809217439865 -0.0074609610587530687115 -0.011475810353392333976	0.70710678118654757274 0.70710678118654757274 0 0	0 0 0	
384	1	2.14689169006520153 4.5995518474651104768 8.1515369337909628911	0.016590572961877447095 0.02578260961321927891 -0.0050636043463625534169	0.70710678118654757274 0.70710678118654757274 0 0	0 0 0	
385	1	2.1438124813062953145 5.82535116261161523 4.7209012341109062305	-0.01533230852025880761 0.023826947676595860298 0.012499844189595337232	0.70710678118654757274 0.70710678118654757274 0 0	0 0 0	
386	1	1.5309156622947908133 5.2124613558967416438 5.576817828129909671	-0.013643407531970328656 0.024790183582510588733 -0.0091132892658335636071	0.70710678118654757274 0.70710678118654757274 0 0	0 0 0	
387	1	2.1438795134151389377 5.8248261684945132899 6.4339855688441849324	-0.015485983163031100812 0.018271558702432848242 -0.019867479538431487285	0.70710678118654757274 0.70710678118654757274 0 0	0 0 0	
388	1	1.5312463864534000546 5.2108225029128005801 7.2968173276093910573	-0.010801295821739491376 0.0091032817828964295026 0.027176304820164136344	0.70710678118654757274 0.70710678118654757274 0 0	0 0 0	
389	1	2.1435968343437856731 5.8205394962853471696 8.1532511067428306006	-0.016740113872159564229 -0.024650771290003190006 0.010641912560225192524	0.70710678118654757274 0.70710678118654757274 0 0	0 0 0	
390	1	2.1479920603199293971 7.0474365029444987485 4.7196330340663665837	0.027436012817184024515 -0.013363350710635935048 5.8582982603563784479e-05	0.70710678118654757274 0.70710678118654757274 0 0	0 0 0	
391	1	1.5349175565078256867 6.4373928266372972828 5.5780986954577249648	0.025083784064904149358 0.015237554070188357239 0.0033964083786448382059	0.70710678118654757274 0.70710678118654757274 0 0	0 0 0	
392	1	2.1423591221176447874 7.0483071661179463874 6.4368478599264822293	-0.029526420816896284394 -0.0048939768011731533959 0.0091207936268509794131	0.70710678118654757274 0.70710678118654757274 0 0	0 0 0	
393	1	1.5335715144596220316 6.437887796909638638 7.2923323824270882554	0.011216978353522115072 0.019031945133218809013 -0.01598828243122416698	0.70710678118654757274 0.70710678118654757274 0 0	0 0 0	
394	1	2.1469870034013354143 7.0464908952180609347 8.151305752771330404	0.015724221318542730419 -0.023305573096926875815 -0.0094837827217278923564	0.70710678118654757274 0.70710678118654757274 0 0	0 0 0	
395	1	2.1469047120484696656 8.2743984574168667478 4.722299718112319411	0.017408567015088995816 -0.003846547417663874046 0.025646424239993022981	0.70710678118654757274 0.70710678118654757274 0 0	0 0 0	
396	1	1.5350016729596978049 7.6630308385631380474 5.5772129177167197867	0.027348365983812034791 0.011088087639287062466 -0.0052130041656245525161	0.70710678118654757274 0.70710678118654757274 0 0	0 0 0	
397	1	2.1472554862969506217 8.2724184640121762868 6.4362772972773791835	0.019785200591416463728 -0.022544579774702838693 0.0037918249342131669574	0.70710678118654757274 0.70710678118654757274 0 0	0 0 0	
398	1	1.5296659064725730559 7.6604563802089211677 7.2931794597505650302	-0.027545984568693681477 -0.013442925034259216657 -0.0078586274463600894885	0.70710678118654757274 0.70710678118654757274 0 0	0 0 0	
399	1	2.1421872132833632563 8.2749972193489185202 8.1522835176364196741	-0.031573716177831702423 0.0025921076553891684614 0.0011774686289882116495	0.70710678118654757274 0.70710678118654757274 0 0	0 0 0	
400	1	3.3700418158080123199 4.5963529576766708473 4.7225150326194045292	-0.01117452191283544935 -0.0074377907516928977102 0.028592455038517945037	0.70710678118654757274 0.70710678118654757274 0 0	0 0 0	
401	1	3.3728704789503276551 4.5994282259669034829 6.4352940091494321706	0.01660197530437808669 0.023509148847581609609 -0.0063162453267987389571	0.70710678118654757274 0.70710678118654757274 0 0	0 0 0	
402	1	3.371489258603935113 4.5985442273031100768 8.1548516600805278642	0.0028283953914951761623 0.015654256880712424937 0.026480145432799466476	0.70710678118654757274 0.70710678118654757274 0 0	0 0 0	
403	1	3.3726261482426971305 5.8215134514154138756 4.7174771371098662698	0.014006272431306721407 -0.014975868092009802374 -0.021474445713412403797	0.70710678118654757274 0.70710678118654757274 0 0	0 0 0	
404	1	2.7562560238465074747 5.2084272033981253713 5.5796692003035754936	-0.021167340672241834881 -0.014623443183206510584 0.018770508641242359543	0.70710678118654757274 0.70710678118654757274 0 0	0 0 0	
405	1	3.371438907079591818 5.8246070678840178303 6.4334499869701282648	0.0021384128009598398108 0.017382130473854579683 -0.024316252375592976864	0.70710678118654757274 0.70710678118654757274 0 0	0 0 0	
406	1	2.7559325223690738227 5.2091116219635313911 7.292156993208753768	-0.023648821188737408072 -0.0089324328967998137957 -0.019732606296250849998	0.70710678118654757274 0.70710678118654757274 0 0	0 0 0	
407	1	3.370214297649812174 5.8211291092893810983 8.1498368346082283864	-0.010830430929012693428 -0.019514948096113992476 -0.023534940783705462358	0.70710678118654757274 0.70710678118654757274 0 0	0 0 0	
408	1	3.3702737481632780714 7.0485448558643355454 4.7168371960084547467	-0.0081904288813413033549 -0.0022397417958891804694 -0.028186996885564717663	0.70710678118654757274 0.70710678118654757274 0 0	0 0 0	
409	1	2.7555244460847561072 6.4366743784395579198 5.5765625615792222547	-0.027388567495657191453 0.007943280474519590767 -0.012784855747513554011	0.70710678118654757274 0.70710678118654757274 0 0	0 0 0	
410	1	3.3691526772313973304 7.0511570119092992215 6.43624868583348686	-0.021535417379199107285 0.023199463904414460019 0.0038436910354783509342	0.70710678118654757274 0.70710678118654757274 0 0	0 0 0	
411	1	2.7558394136930113305 6.4348935040876495961 7.2923093540353756126	-0.024970041518347217691 -0.010481502225782094589 -0.017791669968592993545	0.70710678118654757274 0.70710678118654757274 0 0	0 0 0	
412	1	3.3690801116731114995 7.0468223000019660773 8.1509389478163853937	-0.021865049666356415475 -0.020904985100223292399 -0.013551599453021796401	0.70710678118654757274 0.70710678118654757274 0 0	0 0 0	
413	1	3.3730829464823774977 8.2732431019483048118 4.7177791601288721068	0.019484428821859425818 -0.015612199418932217257 -0.019738617091651103341	0.70710678118654757274 0.70710678118654757274 0 0	0 0 0	
414	1	2.7607548436990514418 7.6607208973433182919 5.5792482347026703948	0.025872699768931649994 -0.011089088546771177363 0.014294077841700492809	0.70710678118654757274 0.70710678118654757274 0 0	0 0 0	
415	1	3.3684504127727148415 8.2758567307706076832 6.4368237149144382769	-0.027054878687652928609 0.011583094580005334068 0.0091263698832425438345	0.70710678118654757274 0.70710678118654757274 0 0	0 0 0	
416	1	2.7582748926648763543 7.6645381062671358308 7.2952711473005340537	-0.0011959658018911947276 0.026916854179585010531 0.012631821662927384536	0.70710678118654757274 0.70710678118654757274 0 0	0 0 0	
417	1	3.3690373912116804433 8.2768630595277592477 8.1519624278018820718	-0.021488578117920438537 0.020693743949403979598 -0.0024352958736762134878	0.70710678118654757274 0.70710678118654757274 0 0	0 0 0	
418	1	3.9857167931594608135 5.2114780318913105361 5.5799702420942960401	0.0168299428685169776 0.01432417639197212586 0.021754950854167998814	0.70710678118654757274 0.70710678118654757274 0 0	0 0 0	
419	1	3.986430179603607904 5.2094044455735346588 7.2959511461400659016	0.022976229759968914979 -0.0060577960318101368303 0.018576914417488082226	0.70710678118654757274 0.70710678118654757274 0 0	0 0 0	
420	1	3.983779479570697557 6.4376980086273363213 5.5753802994064471932	-0.0037826084833615927425 0.018993714023446840039 -0.024609062279799618495	0.70710678118654757274 0.70710678118654757274 0 0	0 0 0	
421	1	3.9839441212941966164 6.4345489505746131798 7.2968475024080943214	-0.0027040684084899640864 -0.014062913949384936788 0.027458546564166411846	0.70710678118654757274 0.70710678118654757274 0 0	0 0 0	
422	1	3.9858028461014467503 7.663393615786476154 5.5797220130938818272	0.016437579288833919361 0.01555781197556042883 0.019014825968354083507	0.70710678118654757274 0.70710678118654757274 0 0	0 0 0	
423	1	3.9821825200045353199 7.6600541129467796253 7.2923788738907333595	-0.020790636488386537301 -0.016545307938932801717 -0.016463379041647827755	0.70710678118654757274 0.70710678118654757274 0 0	0 0 0	
424	1	4.5945864460510996707 4.5952671802082960539 4.7193686286243403671	-0.024251789226386238907 -0.017833591100656128597 -0.0027806176391726210653	0.70710678118654757274 0.70710678118654757274 0 0	0 0 0	
425	1	4.5981897715814525895 4.595554820951305075 6.4384137106640677572	0.012318878011286959334 -0.013876911988308005333 0.025518687252612450023	0.70710678118654757274 0.70710678118654757274 0 0	0 0 0	
426	1	4.5958198446271705251 4.5998242806256754989 8.1519517286823486302	-0.013009230304915998799 0.027493209490323793076 -0.0031732235932617125149	0.70710678118654757274 0.70710678118654757274 0 0	0 0 0	
427	1	4.599120821094865974 5.8209842020730446777 4.7208568436943645352	0.020238713527864101577 -0.020426426555954890762 0.010997172347896730024	0.70710678118654757274 0.70710678118654757274 0 0	0 0 0	
428	1	4.5990777669658529092 5.8252000373343317818 6.435648994559407754	0.020692655539750193228 0.023087978187908704542 -0.0016651457560262561755	0.70710678118654757274 0.70710678118654757274 0 0	0 0 0	
429	1	4.595787788806297236 5.8216003897576138471 8.149757669250936587	-0.012652241562558473598 -0.014293098371589275583 -0.023634340897063729064	0.70710678118654757274 0.70710678118654757274 0 0	0 0 0	
430	1	4.5986092599287156091 7.046326365385894519 4.720458131053908879	0.01476402958509052607 -0.024918720619917615611 0.0068561082474989766891	0.70710678118654757274 0.70710678118654757274 0 0	0 0 0	
431	1	4.5967937268333196599 7.0504335560348962986 6.4385235533241642614	-0.0032810820350685073951 0.015660252912486020277 0.025630964184645731868	0.70710678118654757274 0.70710678118654757274 0 0	0 0 0	
432	1	4.5956563084164816502 7.0466101783498649169 8.1504903732594389254	-0.014822717280557796624 -0.022940302274556394202 -0.017390366191818124736	0.70710678118654757274 0.70710678118654757274 0 0	0 0 0	
433	1	4.5947974438793774965 8.2727817736962663275 4.7207236616601493395	-0.022931142318211143044 -0.020304896865840596498 0.01109006736260260452	0.70710678118654757274 0.70710678118654757274 0 0	0 0 0	
434	1	4.5973664481973735008 8.2752081952249074703 6.4330130741773263736	0.0018485854730352795951 0.005097065616701769962 -0.028546117373565896291	0.70710678118654757274 0.70710678118654757274 0 0	0 0 0	
435	1	4.5993550926813773216 8.2753526956614358312 8.1505027082190597554	0.021369114623605800496 0.0057566028785361591721 -0.015614721432988509439	0.70710678118654757274 0.70710678118654757274 0 0	0 0 0	
436	1	5.8218305506475624966 4.5977209786239789935 4.7225061615777281787	-0.012068232390120524344 0.0068126450006581861646 0.028076183949141103602	0.70710678118654757274 0.70710678118654757274 0 0	0 0 0	
437	1	5.823591755930555891 4.5996295959866619896 6.4375658665406501058	0.0064853078266495813031 0.026443969615094695125 0.018158017802832635695	0.70710678118654757274 0.70710678118654757274 0 0	0 0 0	
438	1	5.8213986441843728059 4.5988745449178072278 8.1503120827487407496	-0.015872006572178118389 0.018259383778901853296 -0.018475572592770012764	0.70710678118654757274 0.70710678118654757274 0 0	0 0 0	
439	1	5.8211793421467969978 5.8231663018914128216 4.7222255313862735449	-0.017611422969197296912 0.0023318832468678116557 0.025431583299639685253	0.70710678118654757274 0.70710678118654757274 0 0	0 0 0	
440	1	5.2116875817475794008 5.2119231655286188953 5.5763540314633273098	0.016690811809091706669 0.018680037000396935987 -0.012910262186053496	0.70710678118654757274 0.70710678118654757274 0 0	0 0 0	
441	1	5.8225199195526231577 5.8248426703945996863 6.4336420195710397607	-0.0046245753610666467601 0.019773462423807605659 -0.022092669147899479665	0.70710678118654757274 0.70710678118654757274 0 0	0 0 0	
442	1	5.2116647334318768614 5.2115014366707637095 7.2961897580978565259	0.016719147908868439018 0.016095093330680008969 0.021707479818294250079	0.70710678118654757274 0.70710678118654757274 0 0	0 0 0	
443	1	5.8232464866059308051 5.8211629929310406695 8.1547345389807439631	0.0027880535342969811965 -0.018167486087891798058 0.026051392816073430658	0.70710678118654757274 0.70710678118654757274 0 0	0 0 0	
444	1	5.8242317185853380579 7.0506042359072091941 4.7177145541008034257	0.011486742225670653478 0.017211926319011718739 -0.019329507065742476679	0.70710678118654757274 0.70710678118654757274 0 0	0 0 0	
445	1	5.2072286329546892958 6.4363914250304397058 5.5765801848659437567	-0.02800081695644774521 0.0057312782337249233364 -0.012407348879759576288	0.70710678118654757274 0.70710678118654757274 0 0	0 0 0	
446	1	5.8219066792900564522 7.0464076364756627058 6.4376681281156269421	-0.011889611061825074156 -0.024682093864203401984 0.017764184888346072622	0.70710678118654757274 0.70710678118654757274 0 0	0 0 0	
447	1	5.2093787934589288469 6.4373501850711951633 7.2967184338911055264	-0.006547405183241541797 0.013797466120044152987 0.02758400401349111325	0.70710678118654757274 0.70710678118654757274 0 0	0 0 0	
448	1	5.8237383254374144315 7.0458414234038100332 8.1519693494369711573	0.0071153987127872382959 -0.030686166733161355374 -0.0016219892626458986325	0.70710678118654757274 0.70710678118654757274 0 0	0 0 0	
449	1	5.8239513284796915471 8.2762335161467444067 4.722211516807850451	0.010031679066428452959 0.015462039261303182555 0.026152255017577834273	0.70710678118654757274 0.70710678118654757274 0 0	0 0 0	
450	1	5.210138029503109891 7.661145645516627134 5.5748659239148441458	0.00099928137520521073504 -0.0075971715339847268808 -0.029015677212026393106	0.70710678118654757274 0.70710678118654757274 0 0	0 0 0	
451	1	5.8225498016212764441 8.2734132061923908452 6.4332198285066661825	-0.0047425023820847084927 -0.014189983933342713643 -0.026568479556506721662	0.70710678118654757274 0.70710678118654757274 0 0	0 0 0	
452	1	5.2078631174956155903 7.6629328851824478619 7.2922937586764691176	-0.021211543569653566743 0.01091661574318987353 -0.01704680994267501401	0.70710678118654757274 0.70710678118654757274 0 0	0 0 0	
453	1	5.8252636979387011351 8.2742847206018854678 8.1541840601746855555	0.023038134684192308754 -0.004927813380838575591 0.021027217941812458707	0.70710678118654757274 0.70710678118654757274 0 0	0 0 0	
454	1	7.0466042330783045244 4.5986880222825181619 4.7184617577689369483	-0.022048778901125519469 0.016441226321412639316 -0.011845236580009160798	0.70710678118654757274 0.70710678118654757274 0 0	0 0 0	
455	1	7.0484153230635522291 4.5957284604614550005 6.4387468715178961531	-0.0041892787780582968829 -0.012410999692457421947 0.029321998024350068995	0.70710678118654757274 0.70710678118654757274 0 0	0 0 0	
456	1	7.0465781256666959464 4.5967499866885948023 8.1501197276599750552	-0.023026275216681876129 -0.0033546614580325664033 -0.02063489020131089452	0.70710678118654757274 0.70710678118654757274 0 0	0 0 0	
457	1	7.0513058398880970046 5.823385679497101286 4.7180028129969340256	0.025059677896023705573 0.0048212448795603166443 -0.016685666207434710073	0.70710678118654757274 0.70710678118654757274 0 0	0 0 0	
458	1	6.4372878834066673548 5.2089196380177433809 5.5803347849865199137	0.013866513136195952535 -0.010266958901474245586 0.025313898869794466961	0.70710678118654757274 0.70710678118654757274 0 0	0 0 0	
459	1	7.046660260704600276 5.8242945148327018856 6.4342758625470768408	-0.022711071544227832281 0.014231376248716020444 -0.015311643065990599918	0.70710678118654757274 0.70710678118654757274 0 0	0 0 0	
460	1	6.4382672321061455989 5.2114499411482704261 7.2952293048038168166	0.022700947901119306743 0.015474325798674576707 0.011719816134745887279	0.70710678118654757274 0.70710678118654757274 0 0	0 0 0	
461	1	7.0468162732457049202 5.8246466853541907227 8.1507373753536320748	-0.020091464841240944811 0.017016122766020425755 -0.013444290079394420959	0.70710678118654757274 0.70710678118654757274 0 0	0 0 0	
462	1	7.0484187652979874983 7.0485868012980636976 4.7167030832200227408	-0.004384616603673859199 -0.0023240859702982684214 -0.029850580774454401473	0.70710678118654757274 0.70710678118654757274 0 0	0 0 0	
463	1	6.4335093331686810103 6.4364377327853343758 5.5759223435386671142	-0.024532485073927537411 0.0055560052564921818055 -0.019516136359005294143	0.70710678118654757274 0.70710678118654757274 0 0	0 0 0	
464	1	7.0468843077252474316 7.0478922794972511667 6.4382653133881682095	-0.019917898745964029983 -0.01017128260913409063 0.024882092124346753131	0.70710678118654757274 0.70710678118654757274 0 0	0 0 0	
465	1	6.4346069522083073622 6.4379298063598531243 7.2959555208312654173	-0.013949269272043549397 0.01919597854415623292 0.019701729162450765803	0.70710678118654757274 0.70710678118654757274 0 0	0 0 0	
466	1	7.0464110331310756408 7.0484936246371425739 8.1503939870762600606	-0.024054432472360512407 -0.0031904428195157060952 -0.017162662119843980629	0.70710678118654757274 0.70710678118654757274 0 0	0 0 0	
467	1	7.0514399252005777186 8.2759984490643709876 4.7204455546078927242	0.025678940724086635194 0.011948872535868234473 0.0072123237482415421609	0.70710678118654757274 0.70710678118654757274 0 0	0 0 0	
468	1	6.4351498578644230619 7.6599293962068566444 5.5802078429567458784	-0.00771517333955075435 -0.019812084989101971105 0.023074001601305748482	0.70710678118654757274 0.70710678118654757274 0 0	0 0 0	
469	1	7.0491518255872263055 8.2720565474355680635 6.4344681535278933637	0.0025436900377954979949 -0.027290649468788640009 -0.013503903884404613173	0.70710678118654757274 0.70710678118654757274 0 0	0 0 0	
470	1	6.4366526380430126864 7.6609793827112513398 7.2969627821069211748	0.0072383777179337973132 -0.0080720810206113182556 0.029503215186455131885	0.70710678118654757274 0.70710678118654757274 0 0	0 0 0	
471	1	7.0510321344151742906 8.2766119357610197227 8.153027966002905913	0.02124434429069908814 0.019026112235371494402 0.0092473762084299398339	0.70710678118654757274 0.70710678118654757274 0 0	0 0 0	
472	1	8.2730801436438632379 4.5985663791306192749 4.7218157155843725192	-0.01676181876674461349 0.015034037764954114036 0.021258556492198162069	0.70710678118654757274 0.70710678118654757274 0 0	0 0 0	
473	1	8.2763089773156686135 4.5995684286733480306 6.4358589366944602972	0.014871427503200418396 0.024654097835046000914 -0.00064653216728649217683	0.70710678118654757274 0.70710678118654757274 0 0	0 0 0	
474	1	8.2719468305044774326 4.5978623929945232618 8.1510556099130280217	-0.029178042723378962153 0.0072138485421017351645 -0.011370939050377091434	0.70710678118654757274 0.70710678118654757274 0 0	0 0 0	
475	1	8.276664654671449739 5.8251384462227218108 4.7189670657838229673	0.019360555874970604429 0.022038941406633486692 -0.0075458809486629594213	0.70710678118654757274 0.70710678118654757274 0 0	0 0 0	
476	1	7.6631900308064944127 5.2124460829774612591 5.5767612378311568477	0.013641499917085754198 0.025090792846596182697 -0.010095763937356793533	0.70710678118654757274 0.70710678118654757274 0 0	0 0 0	
477	1	8.2717490738840506737 5.8232715833821906415 6.4366414471177675338	-0.029480627184964358634 0.0039319824931557476738 0.0075071893657550686427	0.70710678118654757274 0.70710678118654757274 0 0	0 0 0	
478	1	7.6595532740755869483 5.2114146318579903649 7.2957713705087927636	-0.023725739197889041121 0.014564221228094274829 0.017603431784652151526	0.70710678118654757274 0.70710678118654757274 0 0	0 0 0	
479	1	8.2767196331240864282 5.8244522256337143418 8.1539014726304337444	0.019047342552877138261 0.015088082523621591455 0.017957591819418295548	0.70710678118654757274 0.70710678118654757274 0 0	0 0 0	
480	1	8.2721869746773339926 7.0488381021583164099 4.7179356238540179902	-0.025874969299566827341 0.00061545287686419459204 -0.018005873349807847983	0.70710678118654757274 0.70710678118654757274 0 0	0 0 0	
481	1	7.6639020347585971038 6.4378692688886172135 5.578535077813637777	0.01992102272896531176 0.020240866711348958623 0.0066741111131107411919	0.70710678118654757274 0.70710678118654757274 0 0	0 0 0	
482	1	8.2775152209565643346 7.0488079400439467292 6.4348235952119283709	0.02804864315021716667 0.00011514548247470495965 -0.0097731841467344551799	0.70710678118654757274 0.70710678118654757274 0 0	0 0 0	
483	1	7.662836280542214773 6.4379824396013933807 7.296007974155254594	0.009840570975553930913 0.021096533942135863027 0.019792518670023302729	0.70710678118654757274 0.70710678118654757274 0 0	0 0 0	
484	1	8.2752373208239031754 7.0471139894499845724 8.1498048238392986065	0.0049458701170673911515 -0.016280557764752338901 -0.022672663841665181145	0.70710678118654757274 0.70710678118654757274 0 0	0 0 0	
485	1	8.2767669783100519254 8.2724577132430123783 4.7200361125255261285	0.019247067057606967455 -0.023760543618936983551 0.0034447274217569282852	0.70710678118654757274 0.70710678118654757274 0 0	0 0 0	
486	1	7.6597169526520536564 7.6606120811526121628 5.5798314965409234745	-0.020840617215019778541 -0.012737679506465253432 0.019610960326757520544	0.70710678118654757274 0.70710678118654757274 0 0	0 0 0	
487	1	8.2742519220484034292 8.2743681172788647871 6.4329675704726758667	-0.0044580912291097276809 -0.0043593130886627950646 -0.029591961790135866417	0.70710678118654757274 0.70710678118654757274 0 0	0 0 0	
488	1	7.6641977875485611804 7.6630233414660917646 7.2954404279683258139	0.024612519311332490407 0.011939275992379318539 0.014036648108680306601	0.70710678118654757274 0.70710678118654757274 0 0	0 0 0	
489	1	8.2744657229778919572 8.2776898068070661196 8.1526529926087949462	-0.0024112449681488812639 0.029222371254972664967 0.005639836816104074578	0.70710678118654757274 0.70710678118654757274 0 0	0 0 0	
